407 426 0
350 374 0
425 457 0
491 503 0
410 421 0
380 397 0
385 401 0
399 422 0
469 490 0
452 466 0
325 346 0
273 322 0
503 513 0
306 351 0
356 394 0
327 380 0
387 412 0
414 428 0
379 403 0
459 462 0
368 398 0
476 490 0
482 499 0
427 445 0
420 456 0
 
403 479 0
502 567 0
373 456 0
352 415 0
453 535 0
450 511 0
370 437 0
391 449 0
391 444 0
552 608 0
282 392 0
363 438 0
346 416 0
416 470 0
394 472 0
420 485 0
442 494 0
362 460 0
241 315 0
407 464 0
415 489 0
525 595 0
330 418 0
287 365 0
377 456 0
 
253 433 0
320 581 0
325 497 0
408 597 0
399 560 0
355 500 0
230 392 0
375 577 0
311 493 0
318 530 0
262 399 0
276 475 0
209 388 0
226 368 0
256 437 0
412 632 0
343 497 0
240 396 0
218 357 0
240 389 0
428 610 0
341 511 0
262 432 0
245 381 0
205 345 0
 
298 594 0
332 603 0
208 483 0
213 454 0
260 543 0
137 322 0
258 570 0
185 414 0
275 587 0
280 569 0
264 514 0
142 368 0
201 453 0
166 390 0
280 549 0
186 410 0
321 554 0
214 428 0
203 443 0
235 443 0
192 427 0
135 343 0
223 477 0
164 393 0
203 496 0
 
===
