3616 8195 0
3431 10312 0
3035 7756 0
2963 6922 0
3721 9454 0
3982 11579 0
2867 8666 0
3377 10584 0
2908 6776 0
3613 8130 0
2935 7957 0
3247 9107 0
3223 7377 0
3046 6969 0
3131 7622 0
3100 7911 0
3566 8067 0
3643 10005 0
3378 8084 0
2651 7004 0
3316 8001 0
3119 8483 0
3345 9819 0
3630 9589 0
3317 8892 0
 
1080 8927 0
1154 8351 0
1137 9162 0
1145 8971 0
1014 8520 0
982 7289 0
982 7086 0
1181 9686 0
1040 8125 0
1315 10004 0
1303 9272 0
1081 9756 0
996 8550 0
1167 9969 0
1173 9272 0
1211 10763 0
1183 9702 0
1506 11851 0
1124 8967 0
1056 9403 0
1154 9607 0
840 6828 0
1407 10204 0
1162 8641 0
1077 9198 0
 
660 7481 0
697 9000 0
810 8590 0
626 7608 0
657 7688 0
816 8066 0
713 7897 0
725 8293 0
805 8012 0
905 9325 0
674 7322 0
624 7009 0
749 7951 0
750 8131 0
776 8331 0
892 8200 0
726 9155 0
780 7655 0
711 6784 0
635 7616 0
726 8298 0
657 8770 0
592 6344 0
700 8148 0
653 7769 0
 
646 7939 0
608 6475 0
640 7372 0
492 6504 0
600 8209 0
538 7046 0
652 7907 0
599 7139 0
582 7480 0
533 7250 0
539 7034 0
607 7136 0
464 6654 0
565 7358 0
519 6478 0
522 6050 0
516 7118 0
456 6404 0
567 7214 0
479 6943 0
572 6707 0
472 6563 0
485 6250 0
507 7198 0
466 6317 0
 
===
