13527 33507 0
12299 33316 0
13048 34455 0
12840 33559 0
12328 33409 0
12468 33329 0
12257 33311 0
34188 86144 0
14014 37607 0
15295 37407 0
16476 41027 0
14117 37524 0
13533 33657 0
11481 33562 0
12596 33536 0
12581 34812 0
12835 36506 0
12338 33426 0
13038 33728 0
12530 33483 0
12718 33343 0
12982 33643 0
29889 75505 0
15491 39462 0
15072 37764 0
 
5805 36214 0
6173 39269 0
5311 33450 0
5309 33426 0
5622 33831 0
5407 33568 0
5602 33517 0
5854 33338 0
5705 33408 0
5915 33273 0
6333 38072 0
5030 32833 0
6568 41614 0
6357 37103 0
6040 36472 0
5662 36662 0
5290 33304 0
5904 33642 0
5440 33519 0
5513 34271 0
5373 33288 0
5531 33143 0
4987 33304 0
5214 33438 0
5339 33262 0
 
3520 31132 0
3491 30422 0
3870 36202 0
4729 37787 0
4272 34170 0
4356 34967 0
3782 31527 0
3852 31354 0
3685 30138 0
3444 30661 0
4162 34276 0
3927 30556 0
3713 31598 0
3832 30736 0
3843 30337 0
3591 31197 0
4559 37627 0
3986 34552 0
4743 38646 0
3962 34172 0
3868 30621 0
3630 30438 0
3712 29748 0
3408 31213 0
3379 30186 0
 
2884 27774 0
3006 27977 0
2811 28249 0
2841 28620 0
2686 28608 0
5994 49912 0
3368 33070 0
2905 31196 0
3460 34803 0
3338 31475 0
2869 29890 0
2971 26705 0
3089 28996 0
2906 28016 0
2843 28319 0
2956 28145 0
2946 28112 0
2764 27732 0
2696 28606 0
6516 56309 0
3170 31405 0
3213 33479 0
3152 29667 0
2938 30348 0
2961 27882 0
 
===
