658 5268 0
683 2987 0
895 4123 0
965 4204 0
427 3151 0
870 3236 0
636 2994 0
500 3056 0
748 3119 0
432 2100 0
870 3689 0
534 2326 0
528 2630 0
695 2542 0
397 2891 0
511 2669 0
724 3680 0
635 2840 0
1030 4301 0
644 3985 0
686 3143 0
1073 4480 0
825 4199 0
841 3805 0
905 4405 0
 
193 2291 0
387 3540 0
337 3629 0
148 2335 0
309 4169 0
173 2057 0
268 3252 0
198 2761 0
231 2579 0
369 4503 0
328 3788 0
170 4038 0
455 3874 0
268 4021 0
261 2803 0
207 2488 0
281 3743 0
195 2963 0
360 3949 0
296 2882 0
246 3276 0
280 3679 0
180 2303 0
294 3286 0
237 3030 0
 
121 2081 0
162 2668 0
149 2961 0
206 3084 0
170 2405 0
178 3144 0
311 2996 0
136 2631 0
210 3380 0
147 2370 0
190 3302 0
216 3061 0
159 2793 0
152 2854 0
188 3127 0
192 2527 0
198 2888 0
119 2362 0
170 2767 0
240 2956 0
137 2357 0
177 2571 0
168 3335 0
151 3050 0
199 2886 0
 
107 2543 0
116 2365 0
131 2553 0
171 2572 0
99 2297 0
137 2801 0
173 2539 0
112 2175 0
142 2633 0
110 2147 0
125 2610 0
142 2627 0
169 2211 0
107 2497 0
114 2620 0
125 2368 0
177 2786 0
111 2423 0
98 1953 0
144 2821 0
206 2401 0
171 2664 0
139 2830 0
102 2334 0
148 2751 0
 
===
