107 107 1
71 71 1
48 48 1
263 263 1
140 140 1
71 71 1
172 172 1
48 48 1
100 100 1
43 43 1
157 157 1
109 109 1
48 48 1
188 188 1
195 195 1
178 178 1
103 103 1
157 157 1
43 43 1
128 128 1
212 212 1
113 113 1
134 134 1
75 75 1
48 48 1
 
244 244 1
46 46 1
91 91 1
239 239 1
67 67 1
44 44 1
103 103 1
246 246 1
271 271 1
146 146 1
50 50 1
114 114 1
263 263 1
50 50 1
80 80 1
161 161 1
343 343 1
190 190 1
118 118 1
138 138 1
51 51 1
46 46 1
75 75 1
77 77 1
287 287 1
 
70 70 1
92 92 1
87 87 1
200 200 1
146 146 1
489 489 1
103 103 1
107 107 1
233 233 1
143 143 1
184 184 1
261 261 1
297 297 1
110 110 1
222 222 1
139 139 1
208 208 1
199 199 1
353 353 1
192 192 1
260 260 1
155 155 1
258 258 1
64 64 1
343 343 1
 
179 179 1
72 72 1
292 292 1
112 112 1
275 275 1
291 291 1
188 188 1
95 95 1
303 303 1
194 194 1
285 285 1
441 441 1
55 55 1
165 165 1
292 292 1
184 184 1
275 275 1
108 108 1
129 129 1
174 174 1
428 428 1
266 266 1
370 370 1
179 179 1
267 267 1
 
50 50 1
85 85 1
58 58 1
91 91 1
84 84 1
54 54 1
61 61 1
57 57 1
106 106 1
48 48 1
99 99 1
62 62 1
70 70 1
89 89 1
111 111 1
46 46 1
52 52 1
45 45 1
57 57 1
60 60 1
37 37 1
81 81 1
50 50 1
62 62 1
107 107 1
 
235 235 1
329 329 1
234 234 1
514 514 1
427 427 1
226 226 1
391 391 1
529 529 1
190 190 1
159 159 1
776 776 1
461 461 1
352 352 1
191 191 1
376 376 1
198 198 1
103 103 1
301 301 1
543 543 1
393 393 1
317 317 1
145 145 1
593 593 1
363 364 0
484 484 1
 
164 165 0
500 500 1
248 248 1
250 250 1
214 214 1
479 479 1
370 370 1
377 377 1
228 228 1
300 300 1
241 241 1
555 555 1
489 489 1
341 341 1
521 521 1
315 315 1
450 450 1
584 584 1
489 489 1
231 231 1
348 348 1
442 442 1
322 322 1
239 239 1
800 800 1
 
531 531 1
394 394 1
187 188 0
339 341 0
495 495 1
247 247 1
174 174 1
318 318 1
510 513 0
642 642 1
376 376 1
297 298 0
233 233 1
326 326 1
232 234 0
560 560 1
506 506 1
591 591 1
216 216 1
238 238 1
106 106 1
254 254 1
284 284 1
380 380 1
542 542 1
 
598 598 1
218 218 1
286 286 1
421 421 1
459 459 1
444 444 1
331 331 1
594 594 1
378 378 1
406 409 0
263 263 1
545 550 0
834 834 1
312 312 1
667 667 1
581 581 1
485 485 1
349 349 1
336 336 1
555 555 1
831 831 1
257 257 1
261 261 1
452 452 1
742 742 1
 
162 162 1
147 147 1
154 154 1
80 80 1
139 139 1
127 127 1
72 72 1
130 130 1
131 131 1
142 142 1
130 130 1
100 100 1
112 112 1
164 164 1
123 123 1
125 125 1
163 163 1
114 114 1
95 95 1
110 110 1
123 123 1
126 126 1
140 140 1
114 114 1
128 128 1
 
714 714 1
405 405 1
640 640 1
433 434 0
322 322 1
533 533 1
624 624 1
322 322 1
691 692 0
512 512 1
336 336 1
669 669 1
398 398 1
439 439 1
310 310 1
315 315 1
629 629 1
681 681 1
644 644 1
554 554 1
394 397 0
518 518 1
433 433 1
326 326 1
446 446 1
 
456 458 0
733 733 1
686 687 0
577 577 1
437 437 1
565 565 1
636 636 1
561 561 1
825 829 0
930 930 1
644 644 1
372 372 1
610 610 1
422 423 0
462 462 1
589 589 1
268 268 1
424 424 1
326 327 0
409 409 1
397 400 0
391 392 0
424 424 1
643 643 1
482 482 1
 
639 639 1
959 959 1
650 650 1
460 462 0
578 578 1
768 768 1
450 451 0
523 523 1
594 595 0
388 390 0
511 512 0
482 482 1
903 903 1
314 315 0
415 415 1
635 635 1
603 603 1
975 975 1
684 684 1
386 387 0
617 617 1
692 692 1
706 706 1
279 279 1
484 484 1
 
978 981 0
908 908 1
586 586 1
449 449 1
923 923 1
655 655 1
694 694 1
489 489 1
874 874 1
901 901 1
583 583 1
346 346 1
606 606 1
606 606 1
598 598 1
472 472 1
1037 1037 1
489 490 0
351 351 1
409 409 1
495 495 1
622 622 1
580 580 1
632 632 1
316 316 1
 
160 160 1
122 122 1
102 102 1
185 185 1
187 187 1
234 234 1
194 194 1
98 98 1
166 166 1
194 194 1
196 196 1
198 198 1
252 252 1
112 112 1
174 174 1
156 156 1
204 204 1
116 116 1
175 175 1
183 183 1
149 149 1
130 130 1
176 176 1
99 99 1
248 248 1
 
625 625 1
1099 1099 1
735 735 1
711 711 1
621 621 1
395 395 1
654 654 1
735 735 1
745 745 1
809 809 1
419 419 1
827 827 1
1102 1102 1
880 880 1
504 504 1
665 667 0
553 553 1
685 687 0
779 779 1
781 781 1
680 680 1
653 653 1
621 621 1
512 512 1
801 801 1
 
506 506 1
728 728 1
593 593 1
715 715 1
746 746 1
878 878 1
719 719 1
679 679 1
1170 1170 1
620 620 1
931 931 1
686 686 1
757 757 1
803 804 0
1047 1047 1
751 751 1
767 767 1
1075 1075 1
576 576 1
1410 1410 1
951 951 1
902 902 1
875 877 0
589 589 1
452 453 0
 
1047 1047 1
952 952 1
801 801 1
818 819 0
562 562 1
848 848 1
763 764 0
725 725 1
657 657 1
1108 1108 1
555 555 1
673 673 1
791 791 1
630 630 1
633 635 0
1057 1057 1
647 648 0
739 739 1
779 779 1
738 738 1
751 751 1
975 975 1
934 934 1
959 959 1
938 938 1
 
742 742 1
1004 1004 1
596 596 1
568 568 1
885 885 1
684 684 1
949 949 1
652 652 1
1276 1276 1
749 749 1
1188 1188 1
875 876 0
717 717 1
1351 1351 1
1031 1031 1
923 925 0
413 413 1
681 684 0
626 626 1
865 865 1
832 833 0
853 853 1
708 708 1
735 735 1
838 838 1
 
178 178 1
229 229 1
381 381 1
231 231 1
361 361 1
248 248 1
231 231 1
209 209 1
216 216 1
142 142 1
221 221 1
209 209 1
252 252 1
187 187 1
125 125 1
211 211 1
262 262 1
131 131 1
201 201 1
171 171 1
135 135 1
215 215 1
257 257 1
232 232 1
240 240 1
 
186 186 1
295 295 1
183 183 1
229 229 1
207 207 1
229 229 1
267 267 1
233 233 1
278 278 1
258 258 1
217 217 1
268 268 1
175 175 1
229 229 1
278 278 1
200 200 1
233 233 1
227 227 1
263 263 1
289 289 1
155 155 1
269 269 1
306 306 1
230 230 1
219 219 1
 
206 206 1
193 193 1
168 168 1
243 243 1
316 316 1
204 204 1
224 224 1
285 285 1
185 185 1
163 163 1
187 187 1
287 287 1
199 199 1
233 233 1
232 232 1
258 258 1
175 175 1
265 265 1
131 131 1
280 280 1
219 219 1
177 177 1
241 241 1
197 197 1
190 190 1
 
268 268 1
236 236 1
230 230 1
313 313 1
211 211 1
293 293 1
245 245 1
302 302 1
243 243 1
197 197 1
250 250 1
261 261 1
360 360 1
310 310 1
292 292 1
254 254 1
195 195 1
255 255 1
222 222 1
231 231 1
226 226 1
268 268 1
229 229 1
210 210 1
232 232 1
 
326 326 1
355 355 1
272 272 1
345 345 1
250 250 1
245 245 1
333 333 1
280 280 1
339 339 1
200 200 1
215 215 1
303 303 1
173 173 1
341 341 1
284 284 1
390 390 1
297 297 1
359 359 1
256 256 1
375 375 1
272 272 1
220 220 1
353 353 1
215 215 1
270 270 1
 
279 279 1
295 295 1
270 270 1
312 312 1
263 263 1
300 300 1
260 260 1
323 323 1
308 308 1
283 283 1
222 222 1
238 238 1
271 271 1
157 157 1
339 339 1
230 230 1
251 251 1
273 273 1
326 326 1
198 198 1
318 318 1
203 203 1
263 263 1
317 317 1
315 315 1
 
230 230 1
276 276 1
353 353 1
297 297 1
286 286 1
190 190 1
263 263 1
321 321 1
285 285 1
270 270 1
249 249 1
350 350 1
232 232 1
323 323 1
306 306 1
330 330 1
405 405 1
407 407 1
211 211 1
345 345 1
339 339 1
274 274 1
231 231 1
274 274 1
329 329 1
 
308 308 1
277 277 1
515 515 1
318 318 1
315 315 1
361 361 1
303 303 1
366 366 1
387 387 1
198 198 1
335 335 1
324 324 1
305 305 1
248 248 1
323 323 1
389 389 1
344 344 1
204 204 1
217 217 1
260 260 1
300 300 1
291 291 1
328 328 1
298 298 1
246 246 1
 
232 232 1
344 344 1
366 366 1
250 250 1
239 239 1
313 313 1
378 378 1
256 256 1
353 353 1
241 241 1
282 282 1
263 263 1
338 338 1
276 276 1
322 322 1
341 341 1
441 441 1
367 367 1
394 394 1
282 282 1
257 257 1
349 349 1
342 342 1
345 345 1
366 366 1
 
306 306 1
303 303 1
403 403 1
347 347 1
351 351 1
236 236 1
271 271 1
314 314 1
335 335 1
255 255 1
343 343 1
217 217 1
210 210 1
222 222 1
303 303 1
256 256 1
339 339 1
245 245 1
241 241 1
368 368 1
308 308 1
255 255 1
353 353 1
234 234 1
331 331 1
 
219 219 1
260 260 1
363 363 1
316 316 1
335 335 1
306 306 1
308 308 1
352 352 1
312 312 1
392 392 1
319 319 1
365 365 1
247 247 1
404 404 1
299 299 1
300 300 1
407 407 1
337 337 1
461 461 1
398 398 1
291 291 1
348 348 1
346 346 1
296 296 1
284 284 1
 
406 406 1
216 216 1
463 463 1
349 349 1
428 428 1
375 375 1
272 272 1
265 265 1
299 299 1
314 314 1
257 257 1
331 331 1
373 373 1
284 284 1
232 232 1
328 328 1
335 335 1
306 306 1
355 355 1
337 337 1
290 290 1
268 268 1
324 324 1
292 292 1
414 414 1
 
274 274 1
535 536 0
576 576 1
392 392 1
342 342 1
347 347 1
306 306 1
283 283 1
418 418 1
397 397 1
311 311 1
278 279 0
264 264 1
301 301 1
360 360 1
416 416 1
355 355 1
294 294 1
278 278 1
333 333 1
418 418 1
357 357 1
401 401 1
328 328 1
445 445 1
 
387 387 1
322 322 1
414 414 1
388 388 1
378 378 1
358 361 0
301 301 1
363 363 1
321 321 1
389 389 1
394 394 1
331 331 1
369 369 1
372 372 1
321 321 1
314 314 1
424 424 1
294 294 1
320 320 1
440 440 1
314 314 1
341 341 1
335 335 1
412 412 1
310 310 1
 
296 298 0
430 431 0
414 415 0
345 345 1
394 394 1
260 265 0
444 444 1
412 412 1
278 280 0
375 375 1
305 305 1
292 292 1
470 470 1
289 289 1
374 374 1
349 350 0
410 410 1
407 407 1
260 260 1
358 359 0
411 411 1
338 338 1
366 366 1
428 428 1
397 397 1
 
396 396 1
410 410 1
445 445 1
408 409 0
371 371 1
327 327 1
345 345 1
337 337 1
431 431 1
347 347 1
301 301 1
288 289 0
377 378 0
333 333 1
387 387 1
245 250 0
293 296 0
286 286 1
355 355 1
295 295 1
404 404 1
442 442 1
340 340 1
309 309 1
268 268 1
 
315 317 0
343 344 0
314 315 0
335 335 1
487 487 1
296 296 1
295 299 0
410 410 1
338 339 0
457 457 1
341 341 1
283 284 0
395 395 1
469 472 0
411 411 1
340 341 0
375 375 1
350 350 1
394 394 1
424 424 1
409 409 1
326 328 0
422 422 1
374 374 1
451 451 1
 
648 648 1
298 300 0
339 339 1
385 385 1
494 494 1
496 496 1
509 509 1
332 332 1
407 407 1
433 433 1
461 461 1
332 333 0
431 431 1
535 535 1
413 414 0
440 446 0
456 456 1
440 441 0
364 364 1
374 378 0
398 398 1
328 328 1
486 486 1
325 329 0
402 403 0
 
340 340 1
360 362 0
459 459 1
421 421 1
451 454 0
380 382 0
499 499 1
413 413 1
365 371 0
344 351 0
372 378 0
419 425 0
442 442 1
396 398 0
412 412 1
322 326 0
424 424 1
409 410 0
417 422 0
420 421 0
487 487 1
312 315 0
483 486 0
504 504 1
403 407 0
 
431 431 1
322 333 0
381 394 0
374 388 0
362 364 0
367 371 0
404 405 0
439 446 0
435 437 0
365 369 0
259 272 0
453 453 1
314 316 0
305 324 0
481 481 1
406 406 1
535 535 1
467 471 0
353 355 0
392 392 1
392 401 0
378 380 0
466 469 0
406 406 1
448 453 0
 
434 434 1
282 286 0
398 401 0
320 338 0
484 487 0
471 477 0
396 414 0
432 442 0
485 492 0
372 396 0
385 390 0
447 448 0
332 339 0
455 464 0
458 471 0
394 411 0
307 316 0
396 409 0
467 477 0
444 444 1
390 404 0
372 373 0
402 404 0
369 374 0
403 409 0
 
407 425 0
347 370 0
424 455 0
486 497 0
410 421 0
384 399 0
517 534 0
473 499 0
487 508 0
463 478 0
331 352 0
281 327 0
527 537 0
315 357 0
364 401 0
336 387 0
398 420 0
424 438 0
389 413 0
476 478 0
373 403 0
489 502 0
516 533 0
435 451 0
433 468 0
 
419 492 0
602 679 0
377 460 0
358 421 0
470 549 0
467 527 0
371 440 0
402 458 0
396 449 0
564 620 0
321 439 0
367 440 0
351 419 0
416 469 0
398 472 0
421 484 0
444 494 0
360 461 0
245 314 0
411 466 0
416 489 0
523 595 0
330 418 0
294 365 0
378 455 0
 
===
