273 273 1
457 457 1
109 109 1
503 503 1
387 387 1
122 122 1
161 161 1
207 207 1
123 123 1
123 123 1
136 136 1
373 373 1
188 188 1
451 451 1
669 669 1
336 336 1
306 306 1
112 112 1
220 220 1
184 184 1
772 772 1
278 278 1
912 912 1
360 360 1
634 634 1
 
537 537 1
349 349 1
247 247 1
382 382 1
732 732 1
1175 1175 1
498 498 1
264 264 1
285 285 1
226 226 1
457 457 1
227 227 1
1445 1445 1
617 617 1
1253 1256 0
411 411 1
558 559 0
646 646 1
1365 1365 1
272 272 1
211 211 1
444 444 1
291 291 1
756 756 1
350 350 1
 
934 935 0
420 420 1
577 577 1
508 508 1
610 610 1
408 408 1
1307 1307 1
719 719 1
546 546 1
555 557 0
469 469 1
637 637 1
881 881 1
514 514 1
380 380 1
288 288 1
534 534 1
621 621 1
1278 1278 1
401 401 1
384 384 1
1191 1191 1
291 291 1
760 760 1
1622 1622 1
 
1365 1365 1
563 563 1
528 529 0
568 568 1
624 624 1
1654 1654 1
1300 1301 0
706 706 1
884 884 1
652 652 1
969 969 1
1748 1749 0
608 608 1
1392 1393 0
452 452 1
817 817 1
419 419 1
617 617 1
799 799 1
1215 1215 1
816 816 1
1059 1059 1
958 958 1
1710 1710 1
849 849 1
 
689 689 1
2544 2544 1
1117 1117 1
769 769 1
981 981 1
515 515 1
1824 1826 0
1008 1008 1
1879 1879 1
1307 1307 1
2449 2449 1
1082 1082 1
2052 2052 1
874 875 0
1982 1982 1
1158 1158 1
1475 1476 0
1004 1004 1
716 716 1
864 864 1
1262 1262 1
791 791 1
1099 1101 0
1010 1010 1
1850 1850 1
 
1140 1140 1
1679 1679 1
1215 1215 1
559 559 1
1579 1579 1
2087 2087 1
1129 1129 1
1660 1660 1
1257 1257 1
1814 1814 1
1264 1264 1
839 839 1
962 962 1
2245 2245 1
1424 1424 1
892 892 1
1321 1321 1
623 623 1
1309 1309 1
1289 1289 1
906 906 1
1259 1259 1
1119 1121 0
1368 1369 0
1445 1445 1
 
755 755 1
1268 1268 1
1997 1997 1
1744 1745 0
1237 1237 1
1516 1517 0
1974 1974 1
2482 2482 1
1159 1159 1
2085 2086 0
2758 2758 1
854 854 1
1589 1590 0
1752 1753 0
1116 1116 1
3073 3073 1
2130 2131 0
1463 1463 1
2017 2017 1
1956 1956 1
2632 2632 1
1831 1831 1
1139 1141 0
1887 1887 1
1898 1899 0
 
1405 1415 0
2347 2347 1
3321 3323 0
1831 1832 0
1519 1519 1
2252 2252 1
2222 2223 0
1823 1823 1
896 896 1
1711 1711 1
1241 1241 1
3064 3065 0
2158 2158 1
2236 2236 1
1694 1696 0
2096 2097 0
2528 2530 0
1274 1274 1
2316 2316 1
1007 1007 1
1591 1591 1
2465 2465 1
1174 1174 1
1498 1498 1
1765 1771 0
 
1365 1366 0
1772 1772 1
1340 1340 1
2618 2619 0
2281 2281 1
1885 1885 1
1574 1575 0
1316 1316 1
1912 1912 1
2699 2699 1
1690 1691 0
2326 2327 0
1705 1705 1
1411 1411 1
1410 1410 1
2251 2254 0
1780 1781 0
2509 2509 1
1908 1908 1
2074 2074 1
1923 1923 1
2880 2880 1
1368 1369 0
2247 2247 1
3143 3143 1
 
1902 1903 0
2063 2064 0
2644 2644 1
2376 2377 0
2846 2849 0
1728 1728 1
2227 2227 1
2524 2526 0
3147 3147 1
2662 2662 1
1898 1898 1
2751 2751 1
3581 3582 0
2586 2586 1
2546 2547 0
2686 2686 1
2026 2026 1
2778 2778 1
3450 3450 1
2284 2284 1
1753 1753 1
1636 1638 0
1842 1842 1
2365 2365 1
2232 2232 1
 
3021 3025 0
1393 1393 1
3871 3877 0
3705 3706 0
1611 1612 0
2263 2264 0
2286 2286 1
2369 2369 1
2541 2542 0
2390 2391 0
1697 1697 1
1929 1929 1
2563 2563 1
2630 2630 1
2338 2339 0
1810 1810 1
2126 2127 0
1820 1820 1
1982 1982 1
1179 1179 1
1738 1738 1
1718 1718 1
2198 2198 1
1937 1937 1
2149 2149 1
 
1767 1767 1
5069 5069 1
3053 3053 1
2017 2017 1
3252 3255 0
2201 2201 1
4484 4485 0
3056 3056 1
4002 4007 0
2109 2110 0
1701 1701 1
2472 2474 0
2548 2551 0
2241 2241 1
2116 2116 1
4330 4330 1
2958 2958 1
2193 2193 1
3632 3632 1
3491 3493 0
2155 2155 1
1773 1774 0
1618 1618 1
1468 1469 0
1867 1867 1
 
2804 2804 1
1465 1465 1
3281 3281 1
2690 2691 0
2699 2699 1
2231 2231 1
2218 2218 1
2130 2130 1
2986 2986 1
3196 3199 0
2789 2789 1
2423 2423 1
2755 2755 1
3128 3128 1
2138 2138 1
2364 2364 1
1883 1883 1
2643 2643 1
1464 1464 1
2519 2519 1
2585 2586 0
2363 2363 1
2888 2888 1
2988 2993 0
1827 1828 0
 
2669 2669 1
2651 2651 1
2678 2678 1
2344 2347 0
3107 3107 1
2709 2709 1
3712 3712 1
3432 3441 0
2923 2923 1
3631 3641 0
3189 3196 0
4408 4408 1
2545 2552 0
3676 3676 1
2589 2589 1
3755 3756 0
1935 1935 1
2625 2625 1
3499 3500 0
2384 2391 0
2592 2593 0
2919 2919 1
3725 3725 1
3135 3135 1
2492 2492 1
 
2728 2728 1
3054 3054 1
5429 5429 1
1872 1873 0
2993 2994 0
3325 3325 1
3777 3778 0
4693 4698 0
2662 2662 1
4003 4003 1
3255 3257 0
2568 2568 1
3400 3400 1
4363 4364 0
3942 3943 0
2688 2688 1
3511 3511 1
2721 2721 1
2834 2835 0
4344 4348 0
2831 2831 1
4022 4027 0
3011 3013 0
2976 2977 0
3111 3112 0
 
3742 3747 0
2943 2943 1
3393 3400 0
3604 3605 0
1869 1869 1
2752 2752 1
2868 2868 1
3105 3105 1
5231 5238 0
4418 4418 1
3925 3926 0
4089 4090 0
3651 3651 1
3709 3710 0
2918 2920 0
3997 3997 1
3961 3965 0
4257 4257 1
2691 2691 1
3773 3777 0
3883 3883 1
3804 3805 0
2168 2169 0
3012 3012 1
5006 5012 0
 
2697 2697 1
3927 3927 1
6062 6062 1
2649 2650 0
2680 2683 0
3836 3836 1
3589 3589 1
3150 3151 0
3479 3479 1
3257 3257 1
3016 3019 0
5219 5225 0
5585 5585 1
3275 3276 0
3668 3668 1
4440 4440 1
3315 3315 1
3075 3075 1
5729 5729 1
3412 3412 1
3467 3467 1
3548 3548 1
3168 3168 1
2833 2833 1
2504 2504 1
 
3406 3406 1
2768 2770 0
3255 3255 1
5231 5238 0
4411 4425 0
3858 3858 1
2661 2661 1
3824 3824 1
3419 3420 0
3609 3609 1
3103 3104 0
3018 3018 1
3901 3901 1
3244 3245 0
4138 4144 0
3501 3501 1
3688 3690 0
3528 3528 1
3029 3029 1
3798 3799 0
3552 3554 0
3549 3551 0
3775 3775 1
5491 5491 1
4252 4252 1
 
3946 3949 0
3320 3326 0
3342 3342 1
2736 2736 1
3693 3693 1
5210 5212 0
3788 3792 0
3385 3385 1
3728 3728 1
4674 4674 1
3006 3006 1
3098 3101 0
4552 4552 1
5203 5204 0
5326 5326 1
4180 4180 1
3584 3584 1
5701 5701 1
3954 3959 0
3928 3930 0
4104 4104 1
3848 3848 1
4619 4624 0
4454 4454 1
3444 3444 1
 
4353 4357 0
3839 3840 0
3536 3536 1
3406 3406 1
4817 4817 1
4520 4520 1
5893 5893 1
4753 4753 1
2987 2988 0
4099 4103 0
4691 4691 1
4256 4256 1
3807 3807 1
4589 4595 0
3427 3428 0
3843 3843 1
4350 4350 1
4919 4919 1
5215 5215 1
4177 4177 1
6051 6055 0
4195 4195 1
4095 4095 1
4765 4765 1
5130 5130 1
 
4075 4075 1
3908 3908 1
5348 5348 1
6431 6436 0
4061 4061 1
3753 3753 1
3384 3384 1
3857 3857 1
6004 6004 1
4126 4126 1
4449 4449 1
4664 4673 0
4396 4396 1
4022 4023 0
3718 3718 1
4553 4553 1
4521 4526 0
4756 4756 1
5954 5954 1
4685 4685 1
3392 3392 1
4535 4535 1
4134 4135 0
4020 4020 1
4696 4704 0
 
6324 6324 1
6076 6076 1
4818 4818 1
4921 4921 1
4513 4513 1
5366 5366 1
4988 4991 0
4606 4606 1
3801 3801 1
5363 5363 1
5509 5514 0
3367 3367 1
4766 4766 1
4953 4953 1
6806 6819 0
5153 5153 1
5682 5682 1
3997 3997 1
3833 3833 1
4957 4957 1
4548 4548 1
4020 4020 1
4730 4730 1
7390 7390 1
4031 4031 1
 
4094 4094 1
5630 5637 0
4172 4172 1
3492 3493 0
7060 7060 1
4912 4912 1
3769 3770 0
4271 4271 1
6354 6368 0
4932 4934 0
6377 6377 1
5817 5817 1
5649 5651 0
4308 4308 1
4642 4642 1
4266 4267 0
4583 4583 1
3497 3497 1
5552 5556 0
4165 4166 0
4168 4168 1
5821 5821 1
5059 5059 1
4292 4292 1
5545 5545 1
 
4867 4869 0
5726 5728 0
5383 5383 1
4591 4591 1
4619 4619 1
5487 5487 1
5118 5118 1
5796 5796 1
5430 5430 1
5618 5618 1
4059 4059 1
4299 4299 1
4401 4401 1
4856 4856 1
5147 5147 1
5725 5725 1
5329 5329 1
4992 4992 1
5702 5702 1
6699 6700 0
7038 7038 1
5640 5640 1
3732 3732 1
5614 5614 1
4927 4927 1
 
4692 4693 0
6628 6629 0
4504 4504 1
6486 6486 1
4006 4006 1
4448 4448 1
3330 3330 1
6191 6191 1
4134 4134 1
5416 5416 1
5457 5458 0
6299 6299 1
4763 4765 0
6317 6319 0
4733 4733 1
5960 5960 1
7158 7160 0
4966 4971 0
6144 6144 1
4109 4109 1
4356 4363 0
5904 5904 1
5650 5650 1
5113 5113 1
5261 5261 1
 
6599 6599 1
4467 4467 1
7071 7071 1
5162 5164 0
5149 5149 1
4729 4730 0
5904 5907 0
5217 5217 1
6969 6970 0
5253 5253 1
5190 5190 1
5912 5912 1
3827 3830 0
4387 4387 1
4491 4491 1
5492 5492 1
4546 4546 1
6076 6076 1
6003 6005 0
4566 4566 1
6973 6975 0
5397 5397 1
6634 6638 0
6689 6695 0
7098 7118 0
 
4633 4642 0
6894 6894 1
4895 4895 1
5070 5085 0
6122 6122 1
5691 5691 1
4524 4531 0
5767 5775 0
5366 5369 0
5078 5079 0
4274 4274 1
6199 6200 0
5943 5943 1
5625 5625 1
5446 5447 0
6220 6232 0
4679 4679 1
3792 3793 0
3990 3998 0
4940 4940 1
4963 4963 1
5991 5996 0
4864 4864 1
6361 6363 0
5013 5013 1
 
6689 6689 1
5466 5470 0
7198 7201 0
5580 5589 0
6576 6581 0
6042 6042 1
6437 6437 1
4641 4641 1
5139 5154 0
7221 7222 0
6352 6356 0
5031 5032 0
8165 8165 1
5331 5331 1
5347 5347 1
6729 6729 1
6074 6074 1
4295 4295 1
6740 6748 0
7469 7469 1
5413 5413 1
7768 7768 1
6102 6103 0
5857 5857 1
5732 5738 0
 
5462 5462 1
4635 4637 0
4448 4449 0
6833 6839 0
7410 7411 0
5046 5046 1
6581 6581 1
6738 6741 0
4531 4531 1
7030 7030 1
8240 8240 1
4170 4170 1
5829 5832 0
6308 6308 1
6835 6838 0
5931 5931 1
9946 9947 0
8705 8705 1
6682 6684 0
5047 5047 1
6879 6879 1
5019 5019 1
4146 4150 0
7988 7988 1
7642 7642 1
 
8856 8877 0
5019 5019 1
8319 8324 0
6814 6814 1
6287 6287 1
8940 8940 1
7893 7909 0
6706 6706 1
8558 8558 1
4541 4541 1
5762 5764 0
5497 5502 0
7798 7798 1
6531 6531 1
7463 7470 0
6857 6862 0
6751 6756 0
8836 8842 0
5666 5666 1
5538 5539 0
5580 5585 0
6928 6933 0
8360 8360 1
6837 6837 1
6042 6042 1
 
7200 7200 1
6872 6872 1
4984 4984 1
5277 5278 0
6121 6121 1
6631 6636 0
6816 6827 0
6085 6091 0
5396 5401 0
7089 7094 0
8074 8076 0
5676 5676 1
6596 6596 1
8407 8410 0
6689 6689 1
5703 5705 0
7734 7734 1
7584 7592 0
5888 5888 1
6557 6576 0
7802 7802 1
7055 7055 1
7650 7657 0
5895 5899 0
5480 5480 1
 
8088 8098 0
6069 6069 1
6666 6666 1
5632 5641 0
6731 6732 0
7889 7893 0
6237 6240 0
5818 5819 0
5480 5480 1
5892 5903 0
6703 6704 0
6548 6557 0
5467 5471 0
7968 7993 0
6097 6105 0
5957 5957 1
4971 4975 0
6306 6306 1
8295 8303 0
6479 6482 0
6211 6215 0
8903 8903 1
6883 6883 1
6923 6923 1
6415 6415 1
 
7523 7523 1
6171 6175 0
8449 8454 0
7853 7856 0
10268 10272 0
9204 9204 1
6342 6353 0
9503 9503 1
7232 7247 0
8731 8739 0
9685 9702 0
5976 5979 0
6148 6154 0
6802 6817 0
6020 6024 0
8719 8719 1
5055 5059 0
6553 6553 1
9116 9123 0
5550 5550 1
8406 8417 0
5875 5876 0
7878 7888 0
7189 7189 1
6269 6269 1
 
7273 7277 0
7824 7824 1
7542 7547 0
7499 7507 0
5813 5813 1
8880 8880 1
7923 7926 0
7703 7705 0
10447 10447 1
6474 6483 0
7444 7444 1
6094 6105 0
8331 8350 0
10053 10053 1
6159 6165 0
8647 8653 0
7723 7726 0
8282 8290 0
6616 6619 0
6176 6191 0
7900 7904 0
7546 7547 0
7129 7158 0
5802 5806 0
7766 7783 0
 
6602 6612 0
8754 8755 0
6472 6472 1
7394 7398 0
6502 6506 0
5370 5377 0
6130 6130 1
9204 9204 1
9166 9170 0
6251 6251 1
8822 8822 1
8367 8368 0
7613 7615 0
7697 7697 1
7775 7775 1
7422 7429 0
5675 5681 0
7776 7784 0
8810 8811 0
7676 7676 1
6620 6620 1
5591 5601 0
6151 6151 1
5785 5789 0
5882 5886 0
 
9446 9446 1
8777 8777 1
8900 8905 0
7726 7735 0
7545 7548 0
6367 6372 0
8487 8494 0
7872 7884 0
6131 6137 0
8281 8281 1
11290 11290 1
5274 5275 0
9154 9158 0
9089 9095 0
8583 8583 1
10774 10815 0
8508 8508 1
10476 10484 0
7866 7870 0
8335 8335 1
8999 9001 0
6264 6273 0
8537 8548 0
9135 9145 0
5430 5434 0
 
7440 7452 0
8128 8138 0
8013 8022 0
6598 6613 0
6963 6972 0
6338 6347 0
9094 9104 0
10304 10314 0
8596 8612 0
6870 6876 0
10357 10379 0
7753 7761 0
8326 8332 0
7615 7615 1
7623 7623 1
8437 8444 0
7912 7954 0
6294 6300 0
9399 9401 0
6121 6122 0
8546 8562 0
7243 7243 1
9141 9151 0
7290 7311 0
6092 6093 0
 
7856 7869 0
8611 8613 0
6367 6370 0
7152 7156 0
8530 8538 0
7805 7814 0
8378 8391 0
9220 9228 0
6854 6867 0
8907 8907 1
6595 6604 0
10017 10030 0
10619 10619 1
6448 6450 0
7992 8008 0
6538 6544 0
7581 7581 1
6331 6334 0
8431 8452 0
7377 7377 1
7983 7983 1
7624 7636 0
11151 11170 0
6590 6593 0
9586 9591 0
 
7978 8002 0
8480 8480 1
7659 7678 0
7050 7065 0
8167 8168 0
8156 8156 1
7661 7666 0
8528 8552 0
5830 5830 1
9026 9030 0
11595 11644 0
11193 11202 0
9489 9505 0
9047 9073 0
6621 6621 1
7613 7620 0
7885 7895 0
9168 9181 0
7311 7316 0
8163 8170 0
9629 9640 0
11012 11012 1
8421 8421 1
8657 8657 1
8069 8077 0
 
9828 9828 1
7772 7802 0
10582 10582 1
6568 6574 0
8902 8915 0
10484 10496 0
8648 8663 0
8040 8054 0
7800 7801 0
7602 7611 0
7368 7368 1
8474 8480 0
9793 9797 0
11014 11023 0
7494 7502 0
9489 9498 0
11759 11766 0
6731 6736 0
8567 8572 0
10441 10481 0
8913 8913 1
8446 8482 0
9831 9835 0
8728 8742 0
8892 8899 0
 
3097 8190 0
3783 10267 0
2996 7740 0
3238 6918 0
3335 9443 0
3623 11581 0
2450 8678 0
2157 10586 0
1509 6776 0
4017 8134 0
698 7942 0
1879 9100 0
2519 7382 0
2561 6972 0
1678 7619 0
1236 7916 0
2590 8024 0
1752 10011 0
2272 8075 0
551 6996 0
2978 7993 0
1733 8494 0
1714 9820 0
1965 9592 0
2526 8894 0
 
679 8870 0
1186 8419 0
724 9059 0
749 8895 0
353 8431 0
689 10604 0
644 7340 0
1274 10124 0
860 8463 0
1139 10419 0
1324 9527 0
1136 10002 0
655 8640 0
858 10102 0
527 9420 0
1013 11154 0
1008 9921 0
464 9224 0
588 8703 0
1067 9227 0
1184 9510 0
610 6708 0
1006 10071 0
879 8703 0
629 9005 0
 
===
