752 752 1
104 104 1
306 306 1
123 123 1
132 132 1
1107 1107 1
1137 1137 1
178 178 1
112 112 1
822 822 1
591 591 1
360 360 1
246 246 1
122 122 1
353 353 1
136 136 1
199 199 1
437 437 1
749 749 1
116 116 1
585 585 1
166 166 1
120 120 1
403 403 1
191 191 1
 
621 621 1
298 298 1
284 284 1
945 945 1
172 172 1
188 188 1
273 273 1
585 585 1
288 288 1
595 595 1
235 235 1
383 383 1
172 172 1
108 108 1
1132 1132 1
372 372 1
315 315 1
107 107 1
669 669 1
579 580 0
273 273 1
122 122 1
124 124 1
215 215 1
257 257 1
 
717 717 1
405 405 1
390 390 1
1313 1313 1
246 246 1
818 819 0
547 547 1
370 370 1
199 199 1
648 648 1
260 260 1
136 136 1
636 636 1
804 804 1
342 342 1
573 573 1
339 339 1
337 337 1
381 381 1
1053 1053 1
849 849 1
442 442 1
344 344 1
279 279 1
479 479 1
 
1546 1546 1
660 660 1
437 437 1
1832 1833 0
224 224 1
1297 1299 0
654 655 0
1364 1365 0
1546 1549 0
441 441 1
518 518 1
638 638 1
858 858 1
1963 1963 1
106 106 1
635 635 1
284 284 1
531 531 1
862 862 1
352 352 1
242 242 1
731 731 1
169 169 1
437 437 1
922 922 1
 
747 748 0
1613 1613 1
840 841 0
1703 1703 1
2555 2555 1
483 483 1
1395 1396 0
817 817 1
593 593 1
895 895 1
356 356 1
390 390 1
1284 1285 0
493 493 1
260 260 1
304 307 0
414 414 1
564 564 1
444 444 1
627 627 1
1010 1013 0
616 616 1
920 920 1
1409 1409 1
661 661 1
 
991 991 1
929 929 1
1419 1419 1
502 503 0
850 850 1
1919 1919 1
1030 1030 1
483 483 1
1019 1019 1
1287 1287 1
551 551 1
509 509 1
392 392 1
971 971 1
1397 1397 1
918 918 1
741 741 1
433 433 1
733 733 1
1515 1515 1
1322 1322 1
838 838 1
550 551 0
746 747 0
1149 1149 1
 
1705 1705 1
1194 1194 1
1765 1767 0
1372 1372 1
866 867 0
1168 1168 1
667 667 1
1495 1495 1
1091 1091 1
605 605 1
1379 1379 1
705 705 1
1026 1026 1
919 920 0
593 593 1
800 800 1
1668 1669 0
910 910 1
1724 1724 1
875 875 1
362 363 0
626 626 1
1926 1926 1
838 838 1
1488 1488 1
 
621 621 1
1569 1569 1
426 426 1
378 379 0
1919 1919 1
921 921 1
852 854 0
426 428 0
550 550 1
1365 1365 1
1206 1206 1
1644 1644 1
1279 1280 0
1134 1134 1
1934 1934 1
2247 2247 1
1564 1564 1
1804 1804 1
532 532 1
997 997 1
1464 1464 1
1595 1595 1
1804 1804 1
1171 1171 1
1133 1133 1
 
1527 1527 1
2677 2679 0
758 758 1
2377 2377 1
1441 1445 0
1328 1330 0
2145 2145 1
1262 1262 1
1250 1250 1
2534 2534 1
1719 1720 0
1347 1347 1
1414 1415 0
755 756 0
1192 1192 1
1456 1456 1
1232 1233 0
1590 1590 1
1347 1347 1
911 911 1
658 658 1
2133 2142 0
1422 1422 1
819 819 1
948 949 0
 
1682 1682 1
1885 1885 1
396 397 0
2234 2234 1
1926 1926 1
1331 1331 1
961 961 1
696 696 1
1205 1205 1
1782 1782 1
525 525 1
1724 1724 1
1293 1294 0
1280 1280 1
1473 1473 1
877 877 1
1713 1722 0
1638 1638 1
2201 2228 0
773 773 1
1133 1133 1
1400 1407 0
1736 1739 0
1240 1240 1
1499 1499 1
 
2464 2465 0
1191 1191 1
1215 1215 1
1785 1785 1
1557 1561 0
738 738 1
2332 2333 0
1488 1489 0
1056 1056 1
1568 1569 0
1769 1770 0
1632 1634 0
1101 1101 1
2803 2804 0
2545 2545 1
1199 1199 1
1595 1595 1
2040 2040 1
3261 3262 0
1479 1479 1
923 923 1
1017 1017 1
1269 1274 0
1385 1390 0
1717 1717 1
 
2250 2250 1
1508 1508 1
1154 1157 0
3256 3256 1
1369 1369 1
780 781 0
1746 1747 0
2397 2409 0
2084 2085 0
1304 1313 0
2508 2525 0
2069 2074 0
1779 1780 0
1118 1120 0
2086 2095 0
1150 1150 1
1304 1304 1
993 997 0
1527 1527 1
1468 1468 1
841 841 1
1103 1103 1
1976 1976 1
2097 2097 1
1205 1221 0
 
932 932 1
2485 2488 0
1270 1270 1
2191 2275 0
1455 1455 1
2120 2120 1
2809 2809 1
1630 1631 0
1038 1038 1
796 798 0
1273 1274 0
1812 1817 0
1735 1736 0
1959 1959 1
1129 1131 0
1396 1401 0
1995 1995 1
1064 1065 0
944 944 1
986 986 1
2199 2199 1
1772 1772 1
2327 2329 0
1476 1476 1
1749 1749 1
 
1767 1767 1
1799 1799 1
2499 2499 1
2863 2864 0
2017 2017 1
2255 2259 0
1433 1433 1
1811 1811 1
1737 1737 1
2037 2037 1
2097 2101 0
2040 2042 0
2148 2148 1
2557 2557 1
727 728 0
2108 2108 1
1465 1465 1
2105 2107 0
1030 1030 1
1888 1888 1
2153 2153 1
2909 2910 0
1974 1974 1
1589 1591 0
1678 1708 0
 
1836 1836 1
1601 1601 1
2819 2819 1
2210 2210 1
1362 1363 0
2130 2130 1
2161 2162 0
2968 2968 1
2587 2587 1
1227 1227 1
1257 1257 1
1680 1681 0
764 769 0
2122 2122 1
2906 2906 1
2270 2270 1
2439 2439 1
2449 2450 0
1707 1707 1
4794 4794 1
2745 2745 1
2767 2769 0
2171 2171 1
2365 2367 0
1654 1654 1
 
1288 1288 1
3420 3420 1
3064 3075 0
1354 1355 0
1458 1458 1
3244 3244 1
2414 2414 1
2112 2112 1
2115 2118 0
3440 3440 1
2878 2878 1
2488 2490 0
2630 2630 1
1988 1991 0
975 975 1
1659 1661 0
2210 2210 1
2494 2494 1
3003 3003 1
1348 1348 1
2135 2135 1
2728 2730 0
2335 2337 0
2170 2172 0
1165 1170 0
 
2476 2476 1
2159 2159 1
3237 3237 1
2879 2879 1
1795 1795 1
1844 1844 1
2589 2589 1
2627 2627 1
3612 3612 1
2331 2331 1
2172 2173 0
2093 2094 0
1736 1737 0
2689 2690 0
3102 3102 1
1230 1230 1
2014 2014 1
2434 2434 1
2761 2761 1
3357 3357 1
2334 2339 0
1989 1989 1
1803 1803 1
2126 2128 0
3303 3303 1
 
2858 2861 0
2620 2620 1
2049 2049 1
2551 2551 1
3621 3632 0
1984 1984 1
1308 1308 1
2163 2163 1
3036 3036 1
2967 2967 1
2701 2701 1
1699 1699 1
1928 1932 0
1788 1789 0
3610 3614 0
2603 2603 1
1656 1656 1
2914 2918 0
3492 3511 0
2922 2926 0
1649 1650 0
3341 3341 1
1613 1613 1
1393 1397 0
2279 2279 1
 
1797 1797 1
2427 2427 1
1884 1884 1
3303 3321 0
1653 1655 0
3506 3506 1
1907 1909 0
2606 2606 1
4758 4761 0
2544 2547 0
2749 2766 0
1920 1920 1
2599 2599 1
2618 2618 1
2151 2151 1
3018 3024 0
2796 2798 0
1497 1497 1
3322 3324 0
2123 2123 1
1535 1535 1
3619 3619 1
2349 2352 0
3822 3828 0
3695 3695 1
 
2705 2706 0
4335 4335 1
2902 2902 1
2116 2122 0
4582 4582 1
2242 2242 1
2843 2843 1
1717 1717 1
3955 3955 1
4271 4271 1
2200 2200 1
2308 2308 1
5179 5182 0
2554 2554 1
2515 2515 1
3357 3363 0
3120 3120 1
3722 3722 1
2309 2309 1
2478 2478 1
3076 3077 0
3663 3664 0
2868 2870 0
2591 2591 1
3828 3829 0
 
1918 1918 1
2567 2567 1
3785 3785 1
2442 2442 1
2613 2619 0
1590 1593 0
2734 2734 1
2564 2564 1
1915 1917 0
1973 1980 0
2010 2010 1
3213 3216 0
4059 4060 0
2110 2119 0
1797 1799 0
1183 1188 0
3215 3215 1
3788 3792 0
3756 3761 0
4308 4313 0
2507 2507 1
2726 2726 1
4352 4353 0
2536 2545 0
1537 1537 1
 
2249 2254 0
4200 4200 1
2721 2727 0
4737 4740 0
1863 1866 0
3320 3320 1
2796 2798 0
5519 5519 1
2215 2216 0
1264 1264 1
3269 3269 1
3533 3533 1
2593 2597 0
3022 3022 1
2758 2758 1
3004 3004 1
1930 1931 0
2614 2616 0
3474 3474 1
2542 2542 1
5366 5366 1
2603 2603 1
3469 3475 0
3698 3702 0
3971 3981 0
 
2452 2453 0
3899 3904 0
4778 4778 1
3083 3083 1
5423 5424 0
2753 2753 1
4427 4434 0
3799 3799 1
3920 3924 0
3164 3164 1
3865 3865 1
3009 3009 1
2621 2621 1
4714 4714 1
3174 3176 0
3657 3659 0
4717 4720 0
3685 3685 1
2552 2552 1
2299 2300 0
2448 2449 0
3238 3238 1
2970 2972 0
2348 2348 1
4948 4948 1
 
3533 3536 0
4234 4234 1
3688 3688 1
4109 4109 1
2668 2668 1
3408 3409 0
3646 3646 1
3658 3658 1
4248 4266 0
2807 2816 0
6433 6434 0
2244 2247 0
2662 2664 0
2939 2939 1
3410 3410 1
4651 4651 1
3380 3381 0
2674 2684 0
2905 2907 0
2787 2793 0
3916 3916 1
2124 2126 0
5031 5031 1
2509 2520 0
2709 2711 0
 
4417 4417 1
3605 3605 1
4818 4819 0
4979 4979 1
2534 2534 1
3800 3800 1
4563 4563 1
2622 2622 1
4405 4444 0
3587 3587 1
3881 3883 0
3745 3745 1
1919 1919 1
2997 2997 1
3192 3194 0
2600 2600 1
4466 4495 0
3054 3054 1
3079 3079 1
5014 5014 1
3612 3617 0
2745 2749 0
3734 3756 0
4813 4814 0
2455 2456 0
 
2514 2514 1
1801 1801 1
3034 3034 1
2886 2886 1
5267 5284 0
3734 3740 0
2785 2790 0
2280 2282 0
3448 3448 1
3445 3451 0
3818 3818 1
4247 4247 1
2173 2178 0
3562 3563 0
2447 2452 0
3423 3428 0
3181 3207 0
3575 3585 0
5407 5407 1
5491 5497 0
5838 5843 0
3136 3137 0
4132 4132 1
2852 2862 0
3200 3201 0
 
3832 3839 0
4379 4379 1
4570 4584 0
4157 4157 1
5948 5948 1
4117 4117 1
3087 3092 0
4559 4559 1
5069 5069 1
4394 4394 1
2497 2497 1
3505 3505 1
4125 4125 1
6414 6425 0
3641 3645 0
2660 2662 0
2519 2519 1
4019 4019 1
3066 3066 1
3063 3063 1
4481 4481 1
3548 3548 1
4445 4447 0
3397 3397 1
4469 4477 0
 
2136 2136 1
3425 3429 0
2853 2854 0
3101 3103 0
4382 4388 0
5152 5152 1
2946 2948 0
2428 2428 1
4173 4179 0
4359 4359 1
3098 3098 1
4602 4615 0
3065 3065 1
2740 2740 1
5012 5012 1
3090 3090 1
3938 3938 1
5188 5188 1
3328 3329 0
3588 3604 0
3340 3340 1
1924 1926 0
3621 3628 0
2022 2022 1
2766 2766 1
 
2736 2737 0
5355 5355 1
5103 5105 0
4867 4939 0
4404 4407 0
4348 4348 1
4195 4195 1
3386 3391 0
2822 2822 1
3152 3152 1
4306 4306 1
2703 2703 1
3113 3115 0
2284 2286 0
3611 3617 0
5466 5466 1
4496 4496 1
2905 2906 0
3842 3842 1
3347 3356 0
3647 3647 1
3077 3077 1
5411 5411 1
4340 4342 0
1962 1968 0
 
5555 5555 1
3455 3459 0
5165 5165 1
3471 3471 1
4258 4258 1
4134 4135 0
6168 6168 1
4227 4238 0
4755 4755 1
3209 3213 0
4541 4551 0
3802 3803 0
5918 5933 0
3289 3310 0
2772 2774 0
5261 5261 1
3119 3119 1
5012 5027 0
3369 3373 0
3493 3493 1
3016 3016 1
4250 4250 1
3319 3333 0
2064 2071 0
2899 2910 0
 
3281 3282 0
4135 4135 1
4564 4569 0
5204 5205 0
5596 5634 0
3516 3516 1
4418 4423 0
3496 3496 1
2633 2633 1
4222 4240 0
5347 5361 0
3665 3665 1
4311 4311 1
2319 2326 0
4190 4190 1
3524 3524 1
3342 3345 0
5884 5884 1
4438 4438 1
5045 5045 1
4307 4307 1
5250 5250 1
3132 3132 1
2804 2806 0
5010 5010 1
 
4119 4126 0
4738 4738 1
4005 4005 1
4211 4213 0
3421 3422 0
5173 5173 1
4275 4275 1
3395 3395 1
4151 4151 1
5666 5666 1
3451 3451 1
5440 5441 0
4817 4819 0
3771 3771 1
6056 6057 0
5640 5640 1
3061 3064 0
4114 4114 1
4612 4612 1
4465 4465 1
4897 4897 1
4687 4704 0
4255 4255 1
3033 3033 1
6170 6170 1
 
5647 5647 1
3379 3379 1
4028 4031 0
3715 3715 1
3086 3086 1
3958 3958 1
5179 5183 0
4014 4014 1
7951 7951 1
6159 6159 1
5013 5013 1
3382 3390 0
5145 5145 1
4104 4107 0
5293 5293 1
6096 6096 1
4245 4247 0
4546 4546 1
4385 4385 1
3516 3516 1
3988 4001 0
3843 3848 0
5123 5123 1
2328 2330 0
4853 4853 1
 
5305 5305 1
6831 6831 1
5148 5148 1
3764 3766 0
4756 4757 0
6878 6888 0
4161 4168 0
2781 2785 0
3900 3912 0
3119 3123 0
4561 4574 0
6025 6025 1
5679 5679 1
7223 7223 1
3027 3032 0
4426 4428 0
5219 5237 0
4302 4311 0
4639 4639 1
6416 6420 0
3764 3764 1
5325 5326 0
4335 4340 0
6365 6365 1
5666 5672 0
 
6052 6056 0
3511 3516 0
3640 3664 0
4238 4238 1
5301 5304 0
4978 4978 1
4541 4548 0
3862 3871 0
3687 3690 0
4019 4019 1
3610 3610 1
4880 4884 0
3291 3291 1
3332 3342 0
5101 5102 0
4826 4826 1
5070 5070 1
4272 4275 0
4845 4868 0
2182 2182 1
3446 3446 1
4965 4973 0
3479 3496 0
4889 4890 0
4252 4252 1
 
2947 2963 0
5992 5995 0
6182 6182 1
5751 5789 0
2465 2473 0
4800 4803 0
5855 5884 0
4558 4618 0
3536 3545 0
4094 4127 0
5536 5572 0
4782 4790 0
5171 5192 0
3902 3928 0
4656 4656 1
3242 3269 0
4373 4374 0
4720 4725 0
5522 5539 0
6674 6676 0
3043 3062 0
6047 6069 0
4646 4662 0
3421 3438 0
3831 3832 0
 
7597 7695 0
4630 4663 0
5362 5366 0
6327 6327 1
5965 5966 0
4923 4951 0
4289 4295 0
6032 6065 0
4350 4365 0
6527 6635 0
3654 3692 0
2745 2762 0
5558 5573 0
5868 5870 0
4481 4484 0
6294 6311 0
4851 4868 0
4087 4098 0
3628 3634 0
5118 5118 1
5559 5564 0
4916 4948 0
5482 5491 0
5250 5294 0
4707 4718 0
 
5004 5044 0
4240 4334 0
8284 8284 1
6381 6383 0
5318 5363 0
3876 3971 0
6240 6274 0
5862 5874 0
4575 4765 0
4465 4468 0
3319 3347 0
6524 6604 0
4319 4359 0
7490 7525 0
5659 5740 0
4083 4153 0
6791 6814 0
6680 6695 0
5647 5654 0
5511 5535 0
3642 3671 0
5401 5410 0
5202 5217 0
5408 5428 0
5450 5457 0
 
5384 5448 0
6589 6603 0
3635 3716 0
4124 4204 0
4757 4760 0
5797 5866 0
4605 4665 0
5527 5529 0
4307 4321 0
3864 3886 0
5619 5638 0
5909 5936 0
6261 6336 0
4965 4974 0
5482 5529 0
4429 4550 0
5375 5375 1
3135 3233 0
7767 7802 0
6386 6400 0
7289 7320 0
7291 7336 0
6975 6982 0
5633 5734 0
4355 4368 0
 
4622 5077 0
6139 6257 0
8301 8388 0
6323 6331 0
3995 3999 0
4236 4337 0
6085 6208 0
4994 5152 0
5299 5337 0
8497 8508 0
4863 5027 0
5314 5334 0
3877 3878 0
6749 6749 1
9039 9331 0
6342 6412 0
4954 4999 0
5501 5527 0
6577 6727 0
4785 5034 0
6387 6513 0
5041 5096 0
5170 5190 0
3898 3992 0
5368 5510 0
 
1909 4076 0
2556 6270 0
2287 8740 0
499 3453 0
2075 6409 0
1902 5397 0
2072 6947 0
2252 6362 0
2234 5014 0
1538 4665 0
1914 5225 0
2100 7021 0
2004 5720 0
2723 6272 0
1249 4051 0
2237 5909 0
2548 5757 0
2240 5939 0
2345 6029 0
2261 5424 0
1539 4284 0
1837 3892 0
2447 6723 0
2041 5444 0
2433 6308 0
 
790 6755 0
639 4106 0
582 5976 0
869 4904 0
444 4910 0
388 7938 0
445 4236 0
826 6548 0
194 5208 0
623 5006 0
599 6407 0
454 4623 0
891 6670 0
384 5634 0
606 5604 0
821 8170 0
427 4459 0
418 6264 0
512 5231 0
465 4989 0
427 4633 0
778 5813 0
720 6740 0
612 4657 0
507 5404 0
 
===
