583 698 0
1005 1273 0
720 772 0
810 1395 0
1089 2066 0
300 483 0
1059 1188 0
559 726 0
506 597 0
772 888 0
232 339 0
96 187 0
697 967 0
314 494 0
132 211 0
190 236 0
299 352 0
483 566 0
180 228 0
394 418 0
524 945 0
235 294 0
563 923 0
1030 1137 0
509 656 0
 
1249 1624 0
589 1060 0
7 271 0
1140 1768 0
661 1482 0
697 971 0
411 742 0
357 530 0
652 1042 0
1457 1798 0
116 389 0
786 1472 0
531 864 0
719 1175 0
632 993 0
365 514 0
673 992 0
888 1634 0
727 1325 0
406 490 0
444 793 0
956 1338 0
432 716 0
563 804 0
848 1230 0
 
1229 1656 0
1110 1301 0
1374 2280 0
1491 2197 0
612 1113 0
1004 1428 0
1214 2046 0
1936 2935 0
1679 2193 0
656 1008 0
688 1148 0
994 1463 0
8 279 0
315 1353 0
1009 1645 0
1317 2184 0
1159 1450 0
1065 1828 0
925 1516 0
2221 4458 0
1729 2728 0
1476 2345 0
1236 1813 0
1100 1586 0
409 604 0
 
1322 2562 0
2238 3630 0
841 2617 0
1031 1381 0
3453 4327 0
1169 1952 0
1489 1976 0
824 1508 0
2110 3067 0
2702 3921 0
618 2141 0
884 1281 0
2789 4995 0
915 1505 0
1327 2256 0
1010 2072 0
1439 2115 0
196 3519 0
1460 1991 0
1156 2066 0
1162 1659 0
2017 3264 0
1411 2571 0
1106 2341 0
1197 3547 0
 
782 1623 0
1385 2083 0
116 2547 0
1073 1842 0
1574 2269 0
410 1327 0
1562 2493 0
1097 2162 0
634 1481 0
1134 1614 0
829 1547 0
113 2666 0
70 3076 0
1101 1686 0
915 1316 0
503 699 0
142 2215 0
1931 3021 0
1989 2960 0
1229 3134 0
1315 2040 0
74 2310 0
310 4537 0
189 639 0
731 1042 0
 
===
