3165 4572 0
3473 5249 0
3621 4220 0
4718 7357 0
3976 4977 0
3090 4322 0
4453 6064 0
4230 6026 0
3035 4808 0
3702 4289 0
3024 3768 0
3171 4340 0
4416 6682 0
3830 5736 0
3727 5337 0
3373 5476 0
3613 5032 0
3555 5218 0
4671 6907 0
3489 5245 0
3174 4043 0
4347 6154 0
3306 5037 0
3731 4675 0
4163 5145 0
 
10505 12951 0
8771 11329 0
7686 9195 0
10301 12869 0
7912 9212 0
10771 13273 0
7828 9775 0
8666 10553 0
9709 11549 0
7680 9377 0
9758 12339 0
10578 12691 0
7541 9140 0
9711 12373 0
7599 9001 0
9864 12753 0
7826 9667 0
8787 10711 0
8897 11031 0
8269 10006 0
8136 9675 0
9645 11901 0
8570 10376 0
10331 12873 0
7936 9054 0
 
14498 15502 0
18042 19363 0
15774 17000 0
13807 14847 0
14728 16004 0
14616 15538 0
13157 13942 0
15491 16597 0
14691 16327 0
14091 14996 0
16907 18066 0
16220 17321 0
29311 30945 0
14843 15947 0
12612 13112 0
13840 14527 0
15878 16849 0
15297 16657 0
14819 16351 0
12643 13387 0
17280 18609 0
13753 14319 0
17897 19074 0
13728 14877 0
11913 12745 0
 
1305 16832 0
1242 16540 0
826 14684 0
1007 15835 0
1320 16486 0
1254 14480 0
1208 15842 0
1101 14535 0
1222 15848 0
989 16065 0
1110 14286 0
1130 16352 0
1082 15717 0
956 15920 0
1190 14813 0
752 15238 0
1238 15664 0
1287 15080 0
1105 16420 0
1104 16078 0
2158 27369 0
758 16786 0
649 14095 0
683 16378 0
1314 17042 0
 
804 15932 0
967 14510 0
713 13295 0
814 13954 0
727 14220 0
747 11435 0
595 11823 0
921 14326 0
864 13010 0
611 11738 0
569 12504 0
684 11989 0
1050 13882 0
870 13439 0
454 12752 0
815 13287 0
736 12010 0
871 12848 0
649 12622 0
593 13438 0
648 12033 0
695 13445 0
622 14151 0
683 12364 0
1641 22913 0
 
===
