377 692 0
918 1651 0
641 1078 0
519 749 0
511 936 0
282 517 0
899 1420 0
497 914 0
961 1584 0
735 1225 0
1095 1822 0
589 939 0
692 1278 0
366 848 0
876 1616 0
621 1145 0
774 1323 0
462 946 0
514 718 0
464 861 0
659 1204 0
409 776 0
649 1049 0
653 997 0
529 1220 0
 
1408 1911 0
1518 2065 0
1720 2642 0
1362 2251 0
1539 2711 0
1190 1729 0
1520 2249 0
1676 2521 0
1782 3171 0
1651 2650 0
1377 1910 0
1385 2477 0
1796 3600 0
1697 2559 0
1697 2568 0
1653 2682 0
1281 2038 0
1871 2796 0
1660 3459 0
1413 2273 0
1305 1768 0
1267 1648 0
1420 1859 0
1410 2363 0
1551 2252 0
 
2017 2752 0
1989 3076 0
3473 5485 0
1208 1876 0
1672 3012 0
2111 3348 0
2835 3806 0
2625 4737 0
1866 2680 0
2829 4035 0
2281 3282 0
1794 2585 0
1817 2718 0
2410 3790 0
2408 3628 0
1822 2643 0
2012 3399 0
1829 2700 0
1392 2761 0
2780 4113 0
1433 2812 0
1871 4009 0
2123 2993 0
1640 2933 0
1932 3082 0
 
89 2956 0
85 2793 0
175 3011 0
96 2977 0
105 3509 0
139 3187 0
113 3456 0
174 3522 0
92 2669 0
73 2697 0
137 2986 0
154 3526 0
94 2973 0
73 3174 0
87 3260 0
152 3003 0
109 3109 0
116 3774 0
155 3979 0
96 3463 0
157 3910 0
61 2913 0
151 3615 0
143 3448 0
57 3056 0
 
166 2615 0
84 2744 0
85 2580 0
101 2655 0
79 2410 0
76 2728 0
70 2319 0
113 2860 0
44 2678 0
85 2570 0
64 2461 0
85 2513 0
115 2402 0
72 2607 0
116 2577 0
115 2636 0
89 2705 0
65 2386 0
99 2867 0
72 2623 0
68 2294 0
93 2700 0
125 2475 0
142 2678 0
102 2884 0
 
===
