106 189 0
147 241 0
193 279 0
158 210 0
232 315 0
222 283 0
210 373 0
116 172 0
128 180 0
237 295 0
261 334 0
193 254 0
590 703 0
124 177 0
156 222 0
209 287 0
719 761 0
671 716 0
375 455 0
254 297 0
197 240 0
163 264 0
214 274 0
531 582 0
112 160 0
 
4 269 0
6 244 0
8 364 0
328 393 0
145 370 0
172 444 0
200 379 0
133 409 0
114 386 0
6 228 0
192 286 0
7 218 0
107 216 0
145 595 0
5 214 0
5 260 0
117 372 0
6 210 0
508 740 0
6 215 0
6 176 0
154 244 0
5 273 0
8 236 0
4 189 0
 
132 396 0
9 418 0
124 506 0
11 588 0
6 225 0
10 459 0
214 499 0
156 409 0
169 426 0
183 428 0
233 505 0
13 578 0
1010 1265 0
174 424 0
12 552 0
247 372 0
121 393 0
780 971 0
110 367 0
171 446 0
161 548 0
120 404 0
119 602 0
222 476 0
194 568 0
 
12 511 0
8 234 0
215 631 0
129 502 0
915 1329 0
11 551 0
472 1025 0
174 471 0
153 746 0
175 839 0
12 500 0
200 491 0
10 483 0
11 502 0
12 520 0
297 834 0
447 703 0
136 408 0
12 473 0
9 267 0
9 258 0
129 377 0
194 627 0
578 835 0
450 838 0
 
191 1023 0
161 686 0
141 624 0
14 505 0
12 414 0
114 591 0
160 635 0
13 719 0
417 871 0
113 327 0
16 593 0
373 834 0
18 783 0
17 734 0
1016 1410 0
306 747 0
223 733 0
11 495 0
12 400 0
187 439 0
11 405 0
189 735 0
11 469 0
785 1093 0
149 586 0
 
===
