195 195 1
126 126 1
912 912 1
123 123 1
119 119 1
246 246 1
717 717 1
114 114 1
139 139 1
116 116 1
129 129 1
156 156 1
134 134 1
103 103 1
105 105 1
136 136 1
297 297 1
259 259 1
259 259 1
220 220 1
154 154 1
147 147 1
347 347 1
347 347 1
273 273 1
 
437 437 1
1003 1003 1
259 259 1
134 134 1
325 325 1
211 211 1
503 503 1
503 503 1
166 166 1
138 138 1
136 136 1
241 241 1
159 159 1
297 297 1
287 288 0
141 141 1
503 503 1
437 437 1
195 195 1
178 178 1
558 558 1
591 591 1
403 403 1
306 306 1
315 315 1
 
330 330 1
448 448 1
235 235 1
301 301 1
775 775 1
195 195 1
325 325 1
420 420 1
106 106 1
175 175 1
431 431 1
669 669 1
188 188 1
246 246 1
108 108 1
126 126 1
373 373 1
159 159 1
319 319 1
403 403 1
717 717 1
315 315 1
172 172 1
108 108 1
565 565 1
 
409 409 1
234 234 1
596 596 1
776 776 1
1025 1025 1
672 672 1
562 562 1
400 400 1
1218 1218 1
501 501 1
928 928 1
916 916 1
622 622 1
447 447 1
161 161 1
466 466 1
312 312 1
252 252 1
614 614 1
120 120 1
237 237 1
444 444 1
358 358 1
335 335 1
1120 1120 1
 
582 582 1
295 295 1
848 848 1
376 376 1
386 386 1
493 493 1
380 382 0
326 326 1
414 414 1
508 508 1
437 437 1
307 308 0
707 707 1
357 357 1
406 407 0
385 385 1
842 845 0
928 928 1
481 481 1
370 372 0
386 386 1
264 264 1
769 769 1
661 661 1
738 738 1
 
816 816 1
672 672 1
267 267 1
218 218 1
684 684 1
449 449 1
878 878 1
206 207 0
250 250 1
249 249 1
276 276 1
987 988 0
580 580 1
494 494 1
601 602 0
432 432 1
258 258 1
1053 1053 1
359 359 1
1066 1066 1
350 350 1
985 985 1
853 853 1
454 454 1
608 609 0
 
1081 1081 1
671 673 0
685 685 1
448 448 1
921 921 1
214 215 0
791 791 1
622 625 0
327 327 1
403 403 1
748 748 1
237 238 0
709 709 1
1129 1142 0
624 624 1
423 423 1
622 622 1
269 269 1
909 909 1
609 609 1
890 890 1
1441 1441 1
1092 1092 1
679 679 1
1466 1466 1
 
914 917 0
567 567 1
861 861 1
702 702 1
690 690 1
713 713 1
624 624 1
517 517 1
1335 1341 0
446 447 0
1041 1041 1
482 483 0
747 747 1
743 743 1
366 366 1
466 466 1
591 591 1
1173 1173 1
783 784 0
624 625 0
849 849 1
1176 1176 1
520 520 1
1245 1245 1
626 626 1
 
1418 1419 0
1124 1124 1
1049 1049 1
497 497 1
661 661 1
420 420 1
512 513 0
427 429 0
598 598 1
453 454 0
704 704 1
444 444 1
1002 1007 0
476 480 0
508 508 1
381 396 0
560 560 1
1501 1501 1
1246 1249 0
586 587 0
2038 2038 1
480 480 1
1509 1509 1
1225 1260 0
686 686 1
 
944 944 1
825 829 0
1138 1138 1
760 760 1
858 858 1
1153 1165 0
1987 1987 1
1548 1554 0
1038 1038 1
418 418 1
525 525 1
1031 1033 0
475 475 1
1428 1429 0
471 473 0
431 431 1
629 629 1
454 454 1
994 1002 0
690 690 1
1084 1084 1
706 706 1
1312 1315 0
1576 1576 1
743 743 1
 
723 723 1
1174 1174 1
814 814 1
763 763 1
1317 1317 1
1041 1041 1
841 841 1
717 718 0
536 536 1
1194 1194 1
480 484 0
501 501 1
520 522 0
734 734 1
815 815 1
2220 2248 0
1070 1070 1
380 380 1
1034 1035 0
1420 1434 0
762 763 0
757 757 1
943 943 1
1366 1376 0
1053 1055 0
 
1486 1486 1
1686 1711 0
1302 1302 1
753 755 0
1296 1296 1
935 935 1
913 915 0
991 991 1
977 980 0
1122 1122 1
789 790 0
1195 1197 0
917 917 1
1664 1664 1
1214 1214 1
1284 1284 1
793 793 1
448 448 1
1924 1954 0
799 799 1
1382 1382 1
743 743 1
1548 1548 1
1241 1246 0
1086 1086 1
 
796 798 0
844 844 1
1616 1616 1
1088 1092 0
912 912 1
852 852 1
1903 1903 1
495 495 1
1276 1278 0
917 919 0
1581 1594 0
1511 1523 0
1055 1057 0
1317 1320 0
1003 1003 1
767 767 1
848 848 1
765 769 0
1560 1563 0
661 661 1
742 742 1
1128 1128 1
872 872 1
1051 1051 1
829 829 1
 
1033 1033 1
1046 1047 0
761 764 0
1155 1161 0
1268 1268 1
1666 1671 0
998 998 1
1106 1106 1
1290 1290 1
2115 2127 0
944 947 0
1250 1250 1
800 819 0
698 698 1
658 658 1
817 827 0
732 738 0
1226 1226 1
734 735 0
943 943 1
895 897 0
1449 1484 0
834 837 0
1577 1716 0
896 901 0
 
1986 1996 0
1319 1320 0
1574 1623 0
997 997 1
659 661 0
1682 1686 0
857 860 0
919 924 0
631 635 0
1746 1755 0
1917 1938 0
1130 1132 0
1603 1603 1
1217 1222 0
1327 1328 0
644 649 0
1609 1609 1
1910 1915 0
696 702 0
1489 1492 0
1164 1166 0
2437 2437 1
790 790 1
668 668 1
1009 1015 0
 
1697 1724 0
1857 1857 1
1555 1555 1
2023 2023 1
839 839 1
882 883 0
1201 1201 1
1472 1473 0
1502 1504 0
1701 1702 0
772 775 0
951 951 1
1277 1282 0
1267 1267 1
790 791 0
3255 3256 0
1067 1067 1
1114 1116 0
1086 1090 0
1093 1093 1
857 857 1
1314 1315 0
1944 1944 1
1158 1159 0
1354 1358 0
 
1360 1360 1
2660 2662 0
682 682 1
1067 1073 0
1401 1405 0
1374 1376 0
1132 1132 1
1363 1363 1
1299 1301 0
1575 1575 1
836 836 1
1623 1627 0
1318 1321 0
1299 1304 0
1927 1928 0
1920 1924 0
1971 1980 0
2025 2028 0
1027 1027 1
973 978 0
955 961 0
2197 2202 0
1906 1906 1
1598 1601 0
2347 2348 0
 
1256 1258 0
1355 1365 0
955 955 1
946 947 0
1625 1625 1
2061 2071 0
901 906 0
1459 1461 0
1239 1239 1
912 914 0
1029 1033 0
1826 1829 0
920 922 0
2190 2210 0
2139 2142 0
1736 1739 0
1666 1666 1
2244 2244 1
1901 1901 1
1601 1604 0
986 990 0
1777 1777 1
1737 1743 0
822 822 1
904 906 0
 
2227 2231 0
1050 1050 1
1330 1331 0
1672 1677 0
1324 1328 0
1991 1995 0
1230 1236 0
2145 2154 0
1588 1591 0
1082 1087 0
1458 1458 1
1845 1845 1
1363 1364 0
1417 1417 1
888 890 0
1659 1659 1
1006 1009 0
2032 2035 0
1089 1090 0
1058 1064 0
1333 1336 0
2130 2130 1
979 979 1
1084 1086 0
931 934 0
 
1728 1733 0
1939 1941 0
1845 1845 1
1329 1344 0
2122 2134 0
1811 1819 0
1301 1305 0
1170 1176 0
1744 1744 1
1832 1832 1
1318 1318 1
951 953 0
1083 1084 0
1304 1311 0
1758 1760 0
1781 1782 0
2067 2067 1
1771 1786 0
2329 2330 0
2160 2167 0
1196 1202 0
1597 1599 0
1848 1850 0
2799 2817 0
1867 1867 1
 
2518 2525 0
2086 2091 0
1480 1480 1
1259 1263 0
915 916 0
1579 1582 0
1815 1815 1
1043 1043 1
1645 1646 0
1953 1953 1
1657 1663 0
1748 1748 1
2055 2055 1
1305 1306 0
2556 2562 0
2147 2153 0
1282 1285 0
2070 2071 0
2151 2152 0
1868 1868 1
921 926 0
2602 2606 0
1467 1468 0
2029 2058 0
1196 1196 1
 
1940 1943 0
1319 1321 0
1339 1339 1
2058 2061 0
1880 1904 0
1724 1724 1
1308 1312 0
1313 1313 1
2141 2145 0
2138 2140 0
1792 1795 0
1480 1481 0
2371 2371 1
1773 1775 0
1548 1549 0
1252 1252 1
1420 1425 0
1256 1256 1
1256 1259 0
1029 1030 0
1371 1384 0
1924 1932 0
1587 1588 0
1323 1327 0
2035 2035 1
 
1920 1921 0
1999 1999 1
1257 1264 0
1933 1933 1
1490 1498 0
1671 1671 1
2050 2053 0
2082 2089 0
1063 1066 0
1303 1315 0
2058 2061 0
1317 1317 1
1271 1271 1
1611 1616 0
1734 1734 1
2319 2319 1
1885 1885 1
2353 2361 0
2196 2244 0
1152 1155 0
2001 2013 0
1413 1421 0
2001 2008 0
1763 1766 0
1998 1999 0
 
2465 2465 1
3346 3352 0
1969 1977 0
1780 1789 0
1964 1966 0
2142 2148 0
2267 2273 0
1194 1195 0
1560 1575 0
1856 1859 0
1848 1848 1
1321 1321 1
1222 1223 0
2116 2118 0
1217 1228 0
1314 1319 0
3618 3623 0
2001 2005 0
2164 2164 1
1560 1562 0
2469 2469 1
1996 1999 0
1951 1953 0
2263 2277 0
2581 2581 1
 
1251 1251 1
3100 3107 0
2807 2814 0
1298 1301 0
1713 1717 0
1898 1898 1
1510 1510 1
1704 1721 0
1737 1738 0
2536 2550 0
2960 2960 1
1411 1413 0
1993 1996 0
3971 3974 0
2692 2695 0
1899 1900 0
1827 1827 1
2337 2361 0
2034 2036 0
2338 2355 0
1909 1912 0
2158 2167 0
1278 1279 0
1844 1845 0
1701 1720 0
 
1484 1502 0
1657 1657 1
2726 2726 1
1795 1797 0
3349 3351 0
2215 2224 0
1689 1696 0
2017 2019 0
1244 1244 1
2210 2210 1
1331 1332 0
2537 2546 0
1426 1429 0
1521 1522 0
1814 1823 0
1697 1714 0
1549 1554 0
2021 2024 0
2858 2858 1
1219 1220 0
1799 1799 1
2558 2560 0
1491 1501 0
1926 1931 0
1704 1708 0
 
2306 2309 0
3466 3479 0
2946 2948 0
1574 1579 0
2548 2553 0
2994 3005 0
2543 2543 1
2231 2232 0
2846 2851 0
2068 2074 0
2407 2407 1
1067 1067 1
2706 2715 0
2005 2013 0
2275 2275 1
3171 3173 0
2079 2081 0
1216 1216 1
1817 1826 0
2214 2216 0
2185 2187 0
3412 3443 0
1302 1307 0
1742 1746 0
1868 1868 1
 
2117 2154 0
1527 1530 0
4755 4786 0
2088 2093 0
2574 2577 0
2234 2238 0
2546 2549 0
2083 2088 0
2451 2451 1
1681 1694 0
2014 2014 1
1460 1468 0
1839 1839 1
2223 2232 0
1413 1416 0
1962 1962 1
1504 1506 0
1156 1156 1
2928 2938 0
2510 2513 0
1416 1422 0
2172 2179 0
1730 1730 1
1176 1184 0
2065 2065 1
 
1350 1350 1
1883 1906 0
1748 1750 0
2861 2872 0
1639 1639 1
2082 2097 0
2245 2251 0
2671 2674 0
2423 2428 0
2944 2956 0
1403 1406 0
1262 1266 0
2220 2222 0
2660 2667 0
2114 2120 0
2391 2394 0
2613 2616 0
2501 2506 0
3289 3291 0
2840 2847 0
2007 2009 0
2829 2829 1
2342 2364 0
3056 3073 0
1906 1916 0
 
2080 2086 0
2433 2437 0
2156 2179 0
3085 3100 0
2222 2225 0
1870 1870 1
2655 2656 0
2148 2151 0
2186 2205 0
2098 2101 0
2549 2572 0
1878 1890 0
2125 2126 0
3608 3628 0
2143 2162 0
1496 1497 0
2550 2552 0
1754 1757 0
1781 1784 0
1764 1782 0
2341 2352 0
3097 3110 0
1722 1734 0
2473 2526 0
2154 2162 0
 
2584 2584 1
2492 2497 0
2705 2712 0
1680 1684 0
1951 1964 0
2676 2690 0
2804 2810 0
2335 2335 1
2891 2897 0
2502 2502 1
2520 2523 0
1961 1975 0
1926 1935 0
2375 2375 1
1955 1961 0
1912 1917 0
1566 1569 0
2160 2161 0
3045 3082 0
1807 1825 0
2476 2482 0
2790 2792 0
2256 2256 1
2022 2026 0
3106 3119 0
 
1914 1921 0
1878 1880 0
2174 2183 0
3377 3416 0
2792 2813 0
2257 2258 0
2976 2979 0
3945 3952 0
2751 2760 0
1626 1628 0
2535 2544 0
2129 2129 1
2295 2296 0
2325 2331 0
2811 2820 0
2301 2301 1
1716 1720 0
2522 2522 1
2128 2131 0
2925 2932 0
3170 3241 0
2597 2601 0
3622 3623 0
2727 2736 0
1789 1792 0
 
3035 3035 1
2940 2943 0
2480 2480 1
3789 3789 1
1749 1764 0
3170 3173 0
1620 1623 0
2220 2226 0
1551 1553 0
2066 2066 1
1751 1752 0
3113 3113 1
3529 3531 0
2333 2333 1
2414 2423 0
3233 3233 1
3328 3328 1
2256 2259 0
4104 4120 0
2559 2561 0
4843 4862 0
1988 1988 1
2211 2213 0
1462 1470 0
1849 1851 0
 
2966 2971 0
2559 2561 0
2994 2996 0
4088 4123 0
1963 1974 0
1912 1912 1
2334 2334 1
2718 2730 0
2971 2974 0
2825 2827 0
1881 1899 0
2263 2266 0
3223 3225 0
3171 3192 0
2159 2159 1
2141 2153 0
2925 2929 0
2095 2104 0
2917 2969 0
2850 2859 0
2454 2455 0
2600 2600 1
2485 2492 0
2430 2445 0
1938 1946 0
 
3108 3112 0
2493 2499 0
2423 2428 0
2055 2067 0
3031 3049 0
2370 2395 0
3161 3162 0
1778 1779 0
2976 2979 0
3029 3029 1
1755 1759 0
2993 3026 0
2195 2206 0
3168 3173 0
2573 2581 0
2672 2674 0
2965 2970 0
3493 3506 0
3196 3203 0
2827 2842 0
2493 2519 0
1729 1731 0
3085 3116 0
2531 2531 1
1677 1685 0
 
3240 3254 0
2159 2183 0
2713 2746 0
2933 2935 0
3706 3737 0
2582 2616 0
3232 3238 0
2428 2444 0
2418 2422 0
2426 2438 0
1943 1970 0
3125 3131 0
2628 2638 0
2277 2288 0
3239 3281 0
1550 1587 0
2017 2040 0
2660 2669 0
2867 2887 0
3102 3135 0
2494 2503 0
2674 2675 0
3633 3638 0
1596 1602 0
2127 2140 0
 
2371 2416 0
2926 2939 0
3184 3242 0
2925 2946 0
2989 3064 0
2338 2356 0
2558 2575 0
2093 2103 0
2885 2911 0
2389 2415 0
3908 3932 0
2601 2666 0
2147 2168 0
1988 2018 0
2045 2056 0
3017 3019 0
3152 3169 0
2569 2603 0
2514 2557 0
2915 2924 0
3764 3865 0
1681 1740 0
2698 2743 0
2892 2903 0
3237 3242 0
 
3509 3542 0
2972 2986 0
2179 2190 0
3514 3581 0
1892 2018 0
1860 1970 0
2819 2861 0
3781 3847 0
2512 2567 0
3407 3447 0
2852 2901 0
2479 2498 0
2311 2366 0
3392 3495 0
2114 2198 0
2295 2344 0
3362 3389 0
2130 2218 0
3247 3263 0
2862 2872 0
3833 3873 0
3465 3548 0
5118 5166 0
2936 3108 0
2669 2682 0
 
1822 1898 0
2144 2240 0
2400 2705 0
2946 2995 0
3109 3266 0
1915 2040 0
2557 2673 0
2586 2649 0
2436 2610 0
2959 2988 0
2857 3021 0
2115 2208 0
2595 2725 0
3057 3148 0
2809 3131 0
2472 2596 0
2240 2435 0
3926 4037 0
2788 2854 0
2371 2465 0
3629 3781 0
2117 2222 0
3924 4084 0
3668 3729 0
3110 3136 0
 
2617 2825 0
2985 3078 0
2243 2506 0
2453 2653 0
2527 2751 0
2554 2773 0
2140 2323 0
5185 5732 0
3093 3476 0
2747 3120 0
2336 2418 0
3823 4023 0
4284 4457 0
4358 4665 0
2639 2834 0
3254 3506 0
2341 2498 0
2401 2605 0
2169 2469 0
2369 2600 0
3523 3792 0
3420 3808 0
3333 3768 0
3061 3347 0
3252 3628 0
 
690 5314 0
664 3014 0
987 4154 0
992 4242 0
265 3176 0
940 3278 0
708 3028 0
553 3094 0
812 3143 0
470 2121 0
887 3720 0
559 2356 0
517 2648 0
752 2563 0
447 2913 0
502 2687 0
808 3715 0
698 2857 0
1106 4329 0
716 4016 0
554 2873 0
1037 4076 0
819 3906 0
918 3811 0
990 4371 0
 
198 2279 0
330 3519 0
339 3615 0
104 2308 0
314 4156 0
175 2051 0
207 3230 0
161 2749 0
178 2558 0
367 4571 0
335 3799 0
171 4040 0
386 3884 0
231 4028 0
207 2799 0
199 2483 0
262 3753 0
80 2963 0
359 3968 0
234 2876 0
254 3261 0
208 3657 0
183 2292 0
252 3257 0
240 3010 0
 
===
