870 870 1
950 950 1
1115 1115 1
812 812 1
1217 1217 1
651 651 1
1837 1843 0
775 775 1
1686 1686 1
960 960 1
983 983 1
981 981 1
1813 1813 1
1577 1577 1
674 674 1
850 850 1
985 985 1
648 648 1
1053 1053 1
845 845 1
1033 1033 1
1067 1067 1
1070 1070 1
827 827 1
562 562 1
 
2687 2687 1
1630 1630 1
1970 1970 1
1760 1760 1
2506 2506 1
2918 2918 1
2584 2584 1
3085 3087 0
2263 2263 1
1648 1648 1
2182 2182 1
1769 1769 1
1183 1183 1
1361 1361 1
1084 1084 1
1383 1383 1
1586 1586 1
1782 1782 1
2411 2411 1
1894 1894 1
2274 2274 1
2053 2053 1
3739 3739 1
1708 1708 1
1634 1634 1
 
4154 4154 1
4161 4161 1
3379 3379 1
4156 4156 1
4163 4163 1
2530 2530 1
3241 3241 1
3591 3592 0
5913 5913 1
2480 2480 1
2770 2770 1
3346 3346 1
2935 2935 1
4736 4736 1
2294 2294 1
2281 2281 1
3570 3570 1
3746 3746 1
4891 4891 1
3686 3686 1
2979 2979 1
3038 3038 1
2575 2575 1
2544 2544 1
5220 5221 0
 
2845 2845 1
3403 3403 1
5184 5184 1
3555 3555 1
4255 4255 1
3050 3050 1
4935 4935 1
3728 3728 1
4249 4251 0
3488 3490 0
4686 4686 1
4597 4598 0
3827 3827 1
6200 6204 0
4094 4095 0
3513 3513 1
3584 3584 1
4727 4727 1
6144 6144 1
5713 5715 0
4030 4031 0
7819 7819 1
3869 3871 0
3617 3617 1
3655 3655 1
 
4514 4515 0
5136 5136 1
4135 4135 1
7217 7217 1
4913 4913 1
4279 4279 1
5939 5940 0
5937 5937 1
4750 4750 1
4212 4212 1
3722 3722 1
4312 4312 1
6605 6605 1
5727 5727 1
5274 5274 1
5454 5454 1
4974 4974 1
5158 5158 1
6248 6248 1
5202 5204 0
3989 3989 1
6064 6064 1
4995 4995 1
4618 4618 1
5102 5102 1
 
6059 6059 1
4556 4556 1
5381 5382 0
6935 6935 1
6322 6322 1
5379 5379 1
7826 7826 1
4461 4461 1
5673 5674 0
5913 5913 1
4366 4366 1
3860 3860 1
6376 6376 1
7638 7638 1
8567 8567 1
6157 6157 1
5057 5057 1
6745 6750 0
5450 5450 1
5092 5092 1
5397 5397 1
6818 6818 1
6691 6691 1
5441 5441 1
4644 4644 1
 
6823 6823 1
6263 6263 1
7282 7282 1
6412 6412 1
7570 7573 0
8521 8521 1
6886 6886 1
10720 10720 1
9325 9326 0
9860 9860 1
6860 6860 1
6526 6526 1
6868 6868 1
7289 7289 1
4676 4676 1
6989 6991 0
9200 9200 1
6728 6729 0
7663 7663 1
8197 8197 1
8129 8130 0
8533 8533 1
9563 9563 1
5626 5626 1
7766 7766 1
 
5949 5949 1
10993 10997 0
8986 8986 1
7400 7404 0
7263 7263 1
7112 7112 1
9027 9027 1
8957 8957 1
8920 8920 1
9907 9908 0
6322 6322 1
9935 9939 0
8250 8250 1
8760 8760 1
7223 7223 1
8085 8085 1
8438 8440 0
9613 9613 1
10593 10593 1
8947 8947 1
6884 6884 1
8140 8140 1
8599 8599 1
8950 8950 1
6489 6489 1
 
9953 9953 1
8582 8582 1
8338 8338 1
10284 10284 1
8993 8993 1
8244 8244 1
7683 7683 1
9921 9921 1
8144 8144 1
11141 11150 0
11519 11519 1
9762 9762 1
11922 11922 1
16012 16012 1
10550 10550 1
10787 10787 1
9541 9542 0
9182 9192 0
10710 10710 1
10578 10578 1
8655 8655 1
9732 9732 1
8869 8873 0
8527 8527 1
9129 9129 1
 
12848 12848 1
11296 11296 1
9463 9463 1
13129 13129 1
9424 9424 1
13478 13478 1
9989 9989 1
10555 10555 1
11551 11551 1
9419 9422 0
12292 12297 0
12680 12680 1
9118 9118 1
12363 12365 0
8981 8981 1
12800 12812 0
9648 9649 0
10731 10753 0
11019 11019 1
9984 9984 1
9655 9656 0
11896 11896 1
10356 10356 1
12831 12837 0
9041 9041 1
 
12168 12168 1
15910 15910 1
12291 12291 1
13051 13051 1
10926 10930 0
13624 13628 0
10438 10438 1
14550 14555 0
10322 10324 0
10918 10918 1
15148 15150 0
15095 15095 1
10267 10267 1
12956 12956 1
10954 10954 1
12414 12414 1
10974 10974 1
10864 10864 1
11881 11882 0
9723 9723 1
18214 18214 1
9838 9850 0
13053 13053 1
10910 10913 0
12026 12026 1
 
13088 13101 0
13594 13594 1
14529 14529 1
12725 12725 1
17375 17375 1
14079 14079 1
13903 13905 0
12000 12002 0
12385 12385 1
14690 14698 0
12076 12076 1
11589 11590 0
12385 12385 1
12470 12479 0
10769 10769 1
13310 13318 0
14719 14719 1
13261 13261 1
17300 17300 1
10323 10323 1
11123 11123 1
13348 13348 1
13434 13451 0
11274 11275 0
11707 11716 0
 
13779 13787 0
13992 13992 1
14416 14416 1
14405 14405 1
14093 14093 1
12325 12328 0
13411 13422 0
13856 13856 1
11574 11574 1
14175 14175 1
17704 17705 0
10115 10115 1
15065 15065 1
17237 17237 1
15146 15148 0
16525 16545 0
12498 12498 1
21321 21331 0
11436 11436 1
16427 16435 0
15538 15538 1
15138 15138 1
12308 12308 1
15620 15620 1
12300 12300 1
 
15683 15683 1
13685 13685 1
15808 15809 0
16171 16173 0
17823 17823 1
15591 15593 0
14489 14506 0
13141 13147 0
13151 13158 0
18768 18768 1
14481 14481 1
14869 14870 0
15584 15584 1
13708 13708 1
14306 14312 0
16754 16754 1
15822 15823 0
15679 15682 0
13631 13639 0
15984 15989 0
17181 17182 0
16271 16281 0
17672 17672 1
14327 14361 0
13621 13621 1
 
15429 15445 0
20067 20071 0
17024 17035 0
14810 14811 0
15968 15968 1
15490 15496 0
13903 13903 1
16579 16583 0
16282 16292 0
22344 22378 0
19987 19987 1
19081 19106 0
17774 17797 0
15440 15440 1
12810 12810 1
14685 14685 1
16094 16094 1
16268 16268 1
15811 15814 0
13268 13269 0
18660 18660 1
13664 13664 1
18252 18259 0
14387 14387 1
12711 12712 0
 
15485 15485 1
17007 17007 1
14894 14905 0
16028 16028 1
20312 20314 0
16397 16399 0
21572 21579 0
18844 18850 0
18173 18173 1
15099 15116 0
16764 16767 0
15444 15445 0
16407 16419 0
14911 14937 0
15280 15280 1
18412 18422 0
16908 16928 0
16051 16062 0
16305 16345 0
16663 16670 0
17921 17921 1
16748 16748 1
28672 28753 0
20386 20386 1
19950 19953 0
 
26103 26147 0
18890 18890 1
18508 18516 0
15477 15478 0
18167 18179 0
15647 15654 0
19939 19939 1
16777 16782 0
16263 16264 0
21606 21615 0
19075 19075 1
21522 21525 0
17876 17876 1
19632 19654 0
17219 17219 1
22916 22916 1
17798 17808 0
17092 17092 1
19061 19061 1
21742 21742 1
17252 17253 0
18539 18539 1
18775 18777 0
18977 18977 1
18170 18170 1
 
15664 15667 0
18447 18465 0
15864 15864 1
19983 19995 0
16378 16380 0
17270 17290 0
20874 20875 0
38520 38548 0
19326 19330 0
19042 19046 0
20099 20102 0
17235 17241 0
21099 21105 0
17955 17959 0
23146 23146 1
22950 22950 1
18271 18279 0
20352 20355 0
21329 21336 0
21678 21679 0
19589 19594 0
20851 20856 0
20084 20114 0
18342 18351 0
20117 20120 0
 
18817 18835 0
20525 20534 0
17208 17210 0
20528 20542 0
16174 16174 1
22547 22570 0
19250 19262 0
19807 19807 1
20940 20949 0
19674 19685 0
21290 21290 1
22188 22234 0
23333 23336 0
21225 21244 0
40496 40555 0
22021 22024 0
20919 20932 0
18761 18761 1
22419 22422 0
24254 24255 0
20184 20185 0
24363 24419 0
23716 23716 1
17521 17530 0
19793 19798 0
 
24297 24299 0
22356 22365 0
23314 23333 0
20980 21035 0
21544 21544 1
19114 19116 0
21333 21333 1
19202 19206 0
23186 23186 1
21848 21868 0
17853 17855 0
25732 25777 0
22999 22999 1
21526 21540 0
19315 19320 0
21463 21464 0
20949 20964 0
21869 21869 1
21659 21660 0
40093 40093 1
19784 19799 0
26244 26244 1
18590 18593 0
21138 21139 0
21812 21835 0
 
23108 23128 0
23829 23830 0
21191 21202 0
21788 21791 0
27237 27237 1
19839 19843 0
20680 20695 0
25763 25791 0
23741 23756 0
22450 22450 1
21840 21840 1
20320 20354 0
23699 23720 0
25205 25212 0
21086 21095 0
21649 21649 1
21290 21300 0
26503 26508 0
17984 17986 0
22378 22379 0
22364 22396 0
23816 23816 1
21979 21979 1
36064 36064 1
25685 25718 0
 
21293 21305 0
21545 21545 1
23897 23914 0
25386 25386 1
29643 29646 0
27249 27286 0
25447 25472 0
26069 26111 0
22613 22613 1
29816 29818 0
20576 20588 0
24629 24660 0
22778 22786 0
26865 26865 1
22484 22520 0
20915 20915 1
20066 20066 1
21535 21537 0
21488 21490 0
27382 27411 0
24619 24635 0
19851 19856 0
21363 21365 0
25476 25490 0
25362 25362 1
 
44828 44837 0
26115 26137 0
26776 26783 0
27881 27927 0
22657 22657 1
26831 26859 0
26588 26596 0
25162 25207 0
23628 23628 1
22393 22401 0
28915 28923 0
23887 23892 0
22265 22265 1
24931 24936 0
27320 27346 0
25054 25125 0
24374 24395 0
23089 23102 0
25645 25709 0
21675 21692 0
22672 22679 0
27527 27532 0
23869 23870 0
20687 20727 0
23972 24015 0
 
27959 27959 1
56880 56947 0
30616 30662 0
25204 25216 0
29445 29507 0
29253 29258 0
23877 23919 0
27384 27409 0
25097 25097 1
24236 24268 0
24039 24039 1
24509 24524 0
26801 26832 0
26376 26380 0
22334 22342 0
29544 29544 1
27789 27803 0
18982 18994 0
27211 27211 1
32357 32374 0
22035 22054 0
26074 26092 0
22907 22919 0
24020 24047 0
23116 23126 0
 
23200 23212 0
61818 61868 0
25314 25316 0
24919 24960 0
30419 30456 0
31665 31677 0
28834 28893 0
24598 24623 0
24333 24334 0
26209 26230 0
24808 24822 0
23813 23818 0
21726 21741 0
21602 21632 0
26706 26721 0
27712 27765 0
27457 27459 0
30687 30690 0
22530 22560 0
27372 27437 0
23884 23890 0
24595 24617 0
23711 23761 0
28889 28968 0
23223 23231 0
 
26049 26085 0
29705 29705 1
27318 27322 0
32390 32471 0
27581 27581 1
30434 30456 0
28791 28793 0
24505 24505 1
34091 34172 0
32283 32313 0
28549 28562 0
23479 23500 0
29763 29765 0
26546 26581 0
29013 29044 0
26047 26059 0
29070 29109 0
27666 27732 0
25859 25879 0
28166 28172 0
24650 24658 0
26298 26303 0
27803 27829 0
29332 29402 0
69029 69093 0
 
35676 35705 0
32951 32969 0
30252 30289 0
29850 29868 0
28969 28994 0
32112 32151 0
34156 34200 0
28021 28083 0
24818 24818 1
30606 30639 0
30333 30334 0
30645 30657 0
28317 28328 0
29948 29988 0
34144 34180 0
33330 33368 0
32684 32715 0
23944 23961 0
29176 29225 0
29662 29686 0
27662 27675 0
60180 60225 0
28760 28776 0
35991 35993 0
32324 32348 0
 
31578 31631 0
31858 31921 0
32766 32804 0
33016 33029 0
30146 30164 0
28884 28949 0
27816 27822 0
30141 30163 0
30342 30349 0
33968 34022 0
31786 31810 0
27428 27468 0
32940 32966 0
26267 26271 0
28063 28100 0
28076 28093 0
33865 33885 0
26379 26428 0
78998 79042 0
31901 31910 0
30096 30115 0
31910 31934 0
34208 34266 0
28878 28914 0
36313 36386 0
 
33041 33064 0
26722 26730 0
30734 30737 0
29060 29104 0
35783 35828 0
29018 29032 0
29300 29331 0
31587 31590 0
25576 25584 0
27736 27756 0
30586 30623 0
29532 29575 0
30526 30562 0
29864 29889 0
35594 35698 0
33826 33841 0
30859 30900 0
35553 35570 0
32560 32574 0
32544 32554 0
32102 32108 0
26793 26804 0
31810 31879 0
28075 28075 1
29193 29203 0
 
31515 31571 0
32449 32492 0
32307 32311 0
31436 31476 0
30888 30892 0
28235 28236 0
33195 33224 0
28847 28870 0
35201 35204 0
31567 31616 0
68245 68314 0
33023 33029 0
39043 39122 0
39034 39068 0
29605 29632 0
36211 36221 0
27106 27139 0
26076 26112 0
34153 34174 0
31303 31352 0
27687 27697 0
33751 33757 0
30272 30313 0
35781 35781 1
32066 32128 0
 
32131 32197 0
30145 30212 0
32592 32641 0
28135 28142 0
35257 35297 0
81443 81443 1
36860 36893 0
40146 40181 0
36133 36266 0
36478 36542 0
44809 44912 0
32738 32780 0
31615 31678 0
31253 31326 0
34852 34915 0
34549 34664 0
33126 33179 0
35248 35286 0
32627 32692 0
29541 29573 0
35885 35927 0
26855 26874 0
30287 30313 0
38703 38735 0
32568 32582 0
 
37723 37743 0
31299 31301 0
34959 35022 0
38808 38814 0
37048 37077 0
34423 34451 0
34636 34719 0
39033 39182 0
34237 34237 1
39694 39724 0
33699 33706 0
34418 34497 0
36266 36272 0
38211 38277 0
37429 37439 0
33196 33211 0
37856 37912 0
36216 36245 0
35438 35438 1
37713 37744 0
39410 39444 0
39435 39461 0
43663 43700 0
34593 34643 0
36344 36394 0
 
29802 29860 0
37117 37126 0
37410 37463 0
30645 30698 0
35299 35363 0
44346 44352 0
33369 33382 0
31383 31413 0
32025 32069 0
34366 34435 0
32638 32718 0
33689 33718 0
71819 71901 0
39174 39249 0
43038 43048 0
39320 39405 0
40518 40561 0
41642 41682 0
39878 39998 0
35474 35518 0
32222 32470 0
37895 37953 0
32065 32107 0
29637 29694 0
40720 40725 0
 
32619 32626 0
37966 38006 0
33469 33503 0
37490 37579 0
37205 37259 0
34710 34754 0
43620 43686 0
41785 41803 0
42823 42855 0
47388 47490 0
32398 32435 0
37061 37087 0
39955 39960 0
32298 32314 0
33861 33903 0
34666 34666 1
37147 37156 0
34334 34395 0
32217 32217 1
30833 30860 0
34003 34026 0
31195 31200 0
39405 39527 0
38108 38125 0
51260 51261 0
 
44018 44019 0
44159 44192 0
39389 39442 0
41645 41713 0
44944 44973 0
39659 39680 0
41915 41933 0
36054 36108 0
33548 33599 0
34352 34386 0
33851 33892 0
37351 37399 0
37776 37866 0
31992 32007 0
33245 33249 0
36844 36867 0
65757 65850 0
38578 38643 0
40511 40568 0
43792 43920 0
50662 50695 0
50555 50632 0
35696 35735 0
38990 39021 0
36905 36954 0
 
37040 37090 0
39392 39449 0
33968 33973 0
36301 36331 0
36369 36414 0
38969 39023 0
39156 39219 0
35192 35234 0
42989 43014 0
43031 43066 0
43258 43261 0
43801 43843 0
44664 44743 0
46637 46730 0
37561 37578 0
34729 34744 0
36120 36134 0
37673 37722 0
36154 36179 0
40333 40377 0
37081 37169 0
40167 40217 0
39573 39718 0
41279 41326 0
38321 38387 0
 
60165 60226 0
48892 48951 0
45069 45069 1
45514 45578 0
45863 45896 0
43228 43265 0
43353 43477 0
41255 41255 1
38188 38199 0
41798 41916 0
38474 38531 0
39915 39941 0
38682 38733 0
41938 41974 0
39808 39854 0
37039 37061 0
36297 36501 0
68351 68409 0
52891 52962 0
40862 40932 0
44973 45041 0
43676 43767 0
37937 37957 0
35718 35751 0
37680 37716 0
 
43791 43854 0
36478 36490 0
48216 48278 0
44655 44717 0
40590 40636 0
34924 34932 0
43085 43092 0
42349 42406 0
89684 89711 0
46638 46674 0
48029 48041 0
47178 47178 1
41176 41280 0
43767 43776 0
39829 39838 0
41031 41050 0
44548 44607 0
37903 37989 0
42234 42323 0
38012 38120 0
38272 38303 0
39574 39591 0
39912 39933 0
45934 46072 0
93963 94033 0
 
50546 50569 0
42514 42557 0
47624 47754 0
54350 54430 0
43535 43625 0
41857 41923 0
38851 38898 0
39505 39511 0
41125 41212 0
37546 37593 0
44304 44317 0
39560 39574 0
41480 41523 0
40547 40567 0
36553 36565 0
95594 95775 0
48558 48592 0
43621 43627 0
48436 48440 0
48556 48613 0
41611 41661 0
38220 38271 0
39665 39709 0
35614 37058 0
38700 39823 0
 
41768 41852 0
44220 44324 0
41683 41686 0
40680 40719 0
36344 36387 0
41010 41059 0
61656 61772 0
47779 47945 0
49221 49229 0
38088 38144 0
41604 41669 0
45071 45124 0
39081 39096 0
46022 46036 0
46359 46471 0
37831 37962 0
38680 38708 0
40810 40840 0
39701 39782 0
39577 39585 0
39993 40068 0
99002 99061 0
52140 52155 0
47366 47466 0
49804 49824 0
 
7713 36558 0
10530 35024 0
8862 33381 0
9184 34442 0
7792 33408 0
9339 33454 0
8184 34287 0
7348 33265 0
3944 33472 0
8670 33394 0
11413 33351 0
1134 76749 0
7913 38016 0
10385 36561 0
7841 37463 0
3480 40210 0
8931 33452 0
4658 34696 0
11579 33418 0
5176 33383 0
1930 33232 0
10208 33437 0
4337 33465 0
10713 33150 0
10203 33371 0
 
3809 33403 0
10110 81741 0
4453 37475 0
4473 36536 0
2021 39057 0
2673 36267 0
4350 33459 0
3533 33694 0
1815 33377 0
3991 34031 0
4042 34098 0
4331 32915 0
3050 33148 0
2903 33337 0
4812 33027 0
3579 33129 0
3548 48963 0
5458 41837 0
607 37197 0
3958 36194 0
3315 33122 0
2237 32747 0
3346 33150 0
3063 33183 0
3505 33557 0
 
===
