627 627 1
1094 1094 1
734 734 1
710 710 1
617 617 1
395 395 1
656 656 1
735 735 1
745 745 1
809 809 1
419 419 1
826 826 1
1101 1101 1
880 880 1
503 503 1
667 667 1
554 554 1
687 687 1
779 779 1
781 781 1
680 680 1
653 653 1
620 620 1
512 512 1
799 799 1
 
506 506 1
728 728 1
593 593 1
715 715 1
745 745 1
876 876 1
720 720 1
679 679 1
1170 1170 1
620 620 1
930 930 1
686 686 1
757 757 1
804 804 1
1047 1047 1
751 751 1
767 767 1
1075 1075 1
576 576 1
1409 1409 1
944 944 1
903 903 1
877 877 1
590 590 1
454 454 1
 
1047 1047 1
952 952 1
803 803 1
819 819 1
562 562 1
848 848 1
764 764 1
725 725 1
657 657 1
1108 1108 1
555 555 1
673 673 1
790 790 1
630 630 1
635 635 1
1056 1056 1
648 648 1
739 739 1
779 779 1
736 736 1
753 753 1
976 976 1
933 933 1
959 959 1
938 938 1
 
743 743 1
1258 1258 1
623 623 1
641 641 1
960 960 1
686 686 1
952 952 1
727 727 1
1299 1299 1
753 753 1
1150 1150 1
878 878 1
722 722 1
1370 1370 1
1036 1036 1
930 930 1
413 413 1
685 685 1
626 626 1
878 878 1
839 839 1
861 861 1
724 724 1
739 739 1
858 858 1
 
187 187 1
293 293 1
182 182 1
230 230 1
209 209 1
228 228 1
264 264 1
233 233 1
280 280 1
239 239 1
219 219 1
265 265 1
174 174 1
226 226 1
278 278 1
207 207 1
238 238 1
225 225 1
264 264 1
296 296 1
154 154 1
265 265 1
309 309 1
230 230 1
218 218 1
 
213 213 1
195 195 1
171 171 1
244 244 1
316 316 1
204 204 1
226 226 1
285 285 1
185 185 1
163 163 1
187 187 1
287 287 1
199 199 1
233 233 1
232 232 1
258 258 1
176 176 1
265 265 1
131 131 1
279 279 1
219 219 1
178 178 1
240 240 1
197 197 1
190 190 1
 
267 267 1
219 219 1
230 230 1
313 313 1
211 211 1
293 293 1
245 245 1
302 302 1
243 243 1
197 197 1
248 248 1
261 261 1
360 360 1
310 310 1
292 292 1
254 254 1
195 195 1
255 255 1
222 222 1
230 230 1
226 226 1
268 268 1
229 229 1
210 210 1
232 232 1
 
326 326 1
355 355 1
273 273 1
345 345 1
251 251 1
245 245 1
333 333 1
280 280 1
337 337 1
200 200 1
215 215 1
303 303 1
173 173 1
340 340 1
284 284 1
390 390 1
297 297 1
358 358 1
255 255 1
378 378 1
272 272 1
220 220 1
353 353 1
215 215 1
270 270 1
 
230 230 1
276 276 1
353 353 1
298 298 1
286 286 1
190 190 1
263 263 1
323 323 1
285 285 1
270 270 1
249 249 1
349 349 1
234 234 1
321 321 1
303 303 1
265 265 1
323 323 1
302 302 1
210 210 1
329 329 1
331 331 1
271 271 1
230 230 1
266 266 1
323 323 1
 
294 294 1
274 274 1
506 506 1
311 311 1
308 308 1
355 355 1
298 298 1
341 341 1
379 379 1
197 197 1
331 331 1
321 321 1
304 304 1
247 247 1
318 318 1
380 380 1
339 339 1
203 203 1
213 213 1
259 259 1
299 299 1
273 273 1
328 328 1
278 278 1
246 246 1
 
232 232 1
340 340 1
352 352 1
248 248 1
237 237 1
311 311 1
366 366 1
256 256 1
353 353 1
238 238 1
282 282 1
263 263 1
338 338 1
276 276 1
315 315 1
340 340 1
439 439 1
368 368 1
394 394 1
282 282 1
256 256 1
350 350 1
342 342 1
344 344 1
364 364 1
 
306 306 1
303 303 1
402 402 1
347 347 1
351 351 1
235 235 1
271 271 1
314 314 1
335 335 1
254 254 1
343 343 1
216 216 1
210 210 1
223 223 1
304 304 1
256 256 1
338 338 1
245 245 1
241 241 1
368 368 1
307 307 1
255 255 1
352 352 1
234 234 1
328 328 1
 
406 406 1
217 217 1
462 462 1
349 349 1
429 429 1
375 375 1
272 272 1
265 265 1
300 300 1
315 315 1
258 258 1
331 331 1
371 371 1
283 283 1
232 232 1
328 328 1
336 336 1
301 301 1
355 355 1
337 337 1
291 291 1
268 268 1
324 324 1
292 292 1
415 415 1
 
275 275 1
393 394 0
415 415 1
334 334 1
340 340 1
339 339 1
306 306 1
275 275 1
411 411 1
393 393 1
299 299 1
271 271 1
260 260 1
297 297 1
355 355 1
406 406 1
336 336 1
292 292 1
274 274 1
325 325 1
408 408 1
352 352 1
398 398 1
283 283 1
434 434 1
 
384 384 1
318 318 1
387 387 1
380 380 1
371 371 1
352 354 0
298 298 1
356 356 1
317 317 1
385 385 1
392 392 1
328 328 1
365 365 1
373 373 1
323 323 1
312 312 1
425 425 1
294 294 1
319 319 1
458 458 1
313 313 1
342 342 1
334 334 1
412 412 1
310 310 1
 
296 298 0
512 512 1
498 499 0
351 351 1
401 401 1
270 274 0
444 444 1
415 415 1
280 282 0
383 383 1
309 309 1
298 298 1
479 479 1
296 296 1
379 379 1
354 355 0
419 419 1
409 409 1
263 263 1
371 371 1
421 421 1
345 345 1
371 371 1
439 439 1
406 406 1
 
318 319 0
352 353 0
313 313 1
337 337 1
495 495 1
299 299 1
301 303 0
411 411 1
344 345 0
467 467 1
342 342 1
281 282 0
395 395 1
470 472 0
412 412 1
341 342 0
376 376 1
351 351 1
393 393 1
424 424 1
408 408 1
327 329 0
422 422 1
352 352 1
320 320 1
 
521 521 1
297 298 0
334 334 1
378 378 1
480 480 1
484 484 1
501 501 1
327 327 1
402 402 1
429 429 1
458 458 1
331 332 0
417 417 1
511 511 1
401 402 0
431 436 0
441 441 1
433 434 0
358 358 1
368 370 0
395 395 1
324 324 1
480 480 1
321 324 0
396 396 1
 
334 334 1
358 360 0
453 453 1
418 418 1
446 449 0
373 374 0
506 506 1
413 413 1
364 369 0
347 351 0
373 377 0
427 433 0
450 450 1
401 403 0
412 412 1
322 326 0
423 423 1
409 410 0
413 418 0
420 421 0
489 489 1
314 317 0
485 487 0
503 503 1
403 406 0
 
430 430 1
320 330 0
383 394 0
374 388 0
362 363 0
368 370 0
402 403 0
442 447 0
434 434 1
363 367 0
261 272 0
453 453 1
315 316 0
306 324 0
482 482 1
403 403 1
535 535 1
467 470 0
356 357 0
393 393 1
394 402 0
372 374 0
466 468 0
406 406 1
453 456 0
 
432 432 1
285 287 0
398 401 0
325 338 0
486 487 0
475 477 0
404 415 0
435 444 0
486 491 0
381 397 0
389 391 0
448 448 1
334 339 0
455 460 0
459 468 0
398 409 0
311 316 0
398 408 0
471 479 0
443 443 1
394 404 0
372 373 0
403 404 0
370 373 0
404 410 0
 
413 426 0
354 370 0
433 456 0
495 498 0
415 420 0
382 395 0
389 401 0
406 422 0
484 489 0
455 467 0
337 346 0
288 322 0
510 514 0
324 350 0
372 394 0
343 376 0
405 417 0
419 427 0
383 403 0
462 463 0
376 398 0
477 488 0
493 503 0
440 447 0
428 457 0
 
434 479 0
522 568 0
419 457 0
366 413 0
497 537 0
471 510 0
418 439 0
423 448 0
402 441 0
575 608 0
316 391 0
387 438 0
371 415 0
427 468 0
430 473 0
448 483 0
462 495 0
414 460 0
274 314 0
426 465 0
444 487 0
559 594 0
359 419 0
309 365 0
406 455 0
 
===
