8181 8181 1
10271 10271 1
7742 7742 1
6915 6915 1
9437 9439 0
11576 11576 1
8668 8668 1
10577 10577 1
6783 6783 1
8132 8132 1
7959 7959 1
9107 9107 1
7942 7942 1
6972 6972 1
7618 7618 1
7927 7927 1
8026 8026 1
10002 10002 1
8154 8154 1
7016 7016 1
7999 7999 1
8482 8482 1
9812 9812 1
9592 9592 1
8895 8895 1
 
1518 9152 0
1617 9031 0
1630 9864 0
1642 9439 0
1442 8580 0
1361 7265 0
1403 7333 0
1714 9703 0
1508 8399 0
1903 10438 0
1842 9653 0
1542 10011 0
1399 9013 0
1637 10585 0
1683 9553 0
1686 11454 0
1667 9744 0
1601 9176 0
1553 8879 0
1500 9194 0
1622 9498 0
1164 6554 0
1889 10188 0
1617 8853 0
1496 9312 0
 
775 7499 0
801 9332 0
962 9020 0
752 7599 0
768 7780 0
902 8343 0
839 8151 0
838 8531 0
960 8480 0
1058 9990 0
797 7453 0
736 7248 0
901 8505 0
829 8180 0
957 8842 0
1057 8856 0
873 9980 0
917 8176 0
860 7131 0
898 9339 0
1187 11358 0
821 9558 0
731 6825 0
852 8958 0
776 8414 0
 
740 8790 0
698 7048 0
692 7874 0
599 7850 0
687 9054 0
648 7688 0
651 8000 0
682 7890 0
684 8327 0
678 8450 0
620 7610 0
700 7712 0
556 7127 0
643 7781 0
589 6880 0
595 6309 0
584 7553 0
503 6743 0
648 7611 0
542 7346 0
649 7021 0
523 6805 0
544 6570 0
573 7677 0
523 6518 0
 
===
3710 3710 1
2915 2915 1
3387 3387 1
3459 3459 1
1853 1853 1
2736 2736 1
2845 2845 1
3082 3082 1
5172 5172 1
4386 4386 1
3913 3913 1
4063 4063 1
3625 3625 1
3686 3686 1
2868 2868 1
3784 3784 1
3934 3934 1
4217 4217 1
2677 2677 1
3757 3757 1
3844 3844 1
3797 3797 1
2112 2112 1
2995 2995 1
4950 4950 1
 
2682 2682 1
3894 3894 1
5967 5967 1
2626 2626 1
2664 2664 1
3809 3809 1
3555 3555 1
3120 3120 1
3480 3480 1
3263 3263 1
3029 3029 1
5228 5228 1
4676 4676 1
3275 3275 1
3668 3668 1
4439 4439 1
3315 3315 1
3074 3074 1
5723 5723 1
3449 3449 1
3507 3507 1
3546 3546 1
3167 3167 1
2830 2830 1
2500 2500 1
 
3407 3407 1
2766 2766 1
3260 3260 1
5240 5240 1
4426 4426 1
3857 3857 1
2662 2662 1
3824 3824 1
3424 3424 1
3608 3608 1
3098 3098 1
3004 3004 1
3897 3897 1
3245 3245 1
4136 4136 1
3502 3502 1
3671 3671 1
3527 3527 1
3027 3027 1
3797 3797 1
3548 3548 1
3557 3557 1
3773 3773 1
5489 5489 1
4249 4249 1
 
3948 3948 1
3322 3322 1
3343 3343 1
2741 2741 1
3694 3694 1
5210 5210 1
3795 3795 1
3386 3386 1
3731 3731 1
4682 4682 1
3012 3012 1
3101 3101 1
4556 4556 1
5225 5225 1
5342 5342 1
4178 4178 1
3586 3586 1
5697 5697 1
3958 3958 1
3950 3950 1
4105 4105 1
3849 3849 1
4625 4625 1
4457 4457 1
3441 3441 1
 
4068 4068 1
3909 3909 1
3547 3547 1
5352 5352 1
3325 3325 1
3695 3695 1
3290 3290 1
3805 3805 1
5936 5936 1
4103 4103 1
4387 4387 1
4490 4490 1
4369 4369 1
3943 3943 1
3682 3682 1
4499 4499 1
4482 4482 1
4726 4726 1
5899 5899 1
4630 4630 1
3265 3265 1
4463 4463 1
4105 4105 1
4014 4014 1
4666 4666 1
 
6288 6288 1
6014 6014 1
4703 4703 1
4863 4863 1
4451 4451 1
5149 5149 1
4932 4932 1
4559 4559 1
3744 3744 1
5318 5318 1
5485 5485 1
3352 3352 1
4734 4734 1
4954 4954 1
6814 6814 1
5150 5150 1
5683 5683 1
3992 3992 1
3851 3851 1
4959 4959 1
4543 4543 1
4024 4024 1
4725 4725 1
7389 7389 1
4024 4024 1
 
4094 4094 1
5640 5640 1
4171 4171 1
4198 4198 1
8823 8823 1
6200 6200 1
3771 3771 1
4330 4330 1
6513 6513 1
5072 5072 1
6416 6416 1
5874 5874 1
5692 5692 1
4337 4337 1
4695 4695 1
4417 4417 1
4646 4646 1
3552 3552 1
5695 5695 1
4260 4260 1
4210 4210 1
5923 5923 1
5043 5043 1
4343 4343 1
5604 5604 1
 
4947 4947 1
5794 5794 1
5436 5436 1
4619 4619 1
4656 4656 1
5530 5530 1
5156 5156 1
5855 5855 1
5476 5476 1
5709 5709 1
4130 4130 1
4296 4296 1
4405 4405 1
4840 4840 1
5141 5141 1
5743 5743 1
5332 5332 1
4990 4990 1
5756 5756 1
6723 6723 1
7045 7045 1
5651 5651 1
3733 3733 1
5517 5517 1
4952 4952 1
 
6551 6551 1
4444 4444 1
6690 6690 1
5104 5104 1
4851 4851 1
4691 4691 1
5782 5782 1
5161 5161 1
6828 6828 1
5139 5139 1
5031 5031 1
5813 5813 1
3793 3793 1
4200 4200 1
4418 4418 1
5455 5455 1
4433 4433 1
5977 5977 1
5886 5886 1
4490 4490 1
6812 6812 1
5356 5356 1
6629 6629 1
6702 6702 1
7106 7106 1
 
4568 4568 1
6892 6892 1
4893 4893 1
5060 5060 1
6121 6121 1
5687 5687 1
4532 4532 1
5775 5775 1
5373 5373 1
5079 5079 1
4254 4254 1
6205 6205 1
5952 5952 1
5627 5627 1
5459 5459 1
6270 6270 1
4685 4685 1
3793 3793 1
3994 3994 1
4940 4940 1
4963 4963 1
5994 5994 1
4872 4872 1
6360 6360 1
5013 5013 1
 
6686 6686 1
5510 5510 1
7200 7200 1
5591 5591 1
6554 6554 1
6039 6039 1
6439 6439 1
4674 4674 1
5153 5153 1
7227 7227 1
6349 6349 1
5032 5032 1
8163 8163 1
5333 5333 1
5344 5344 1
6732 6732 1
6073 6073 1
4274 4274 1
6743 6743 1
7467 7467 1
5408 5408 1
7766 7766 1
6114 6114 1
5851 5851 1
5735 5735 1
 
5463 5463 1
4637 4637 1
4449 4449 1
6832 6832 1
7436 7436 1
5031 5031 1
6586 6586 1
6737 6737 1
4535 4535 1
7048 7048 1
7796 7796 1
4166 4166 1
5829 5829 1
6218 6218 1
6841 6841 1
5926 5926 1
7771 7771 1
6987 6987 1
6565 6565 1
4943 4943 1
6664 6664 1
4892 4892 1
4016 4016 1
7819 7819 1
7582 7582 1
 
7193 7193 1
6871 6871 1
4980 4980 1
5242 5242 1
6089 6089 1
6633 6633 1
6832 6832 1
6081 6081 1
5399 5399 1
7090 7090 1
7950 7950 1
5665 5665 1
6591 6591 1
8431 8431 1
6675 6675 1
5700 5700 1
7730 7730 1
7579 7579 1
5884 5884 1
6573 6573 1
7777 7777 1
7064 7064 1
7657 7657 1
5907 5907 1
5485 5485 1
 
8092 8092 1
6084 6084 1
6656 6656 1
5628 5628 1
6730 6730 1
7892 7892 1
6230 6230 1
5818 5818 1
5483 5483 1
5910 5910 1
6706 6706 1
6547 6547 1
5495 5495 1
8003 8003 1
6109 6109 1
5958 5958 1
4969 4969 1
6301 6301 1
8312 8312 1
6470 6470 1
6214 6214 1
7687 7687 1
6877 6877 1
6918 6918 1
6405 6405 1
 
7526 7526 1
7920 7920 1
10312 10312 1
8081 8081 1
8844 8844 1
6775 6775 1
6615 6615 1
9203 9203 1
7247 7247 1
8886 8886 1
9647 9647 1
6029 6029 1
6303 6303 1
6717 6717 1
6092 6092 1
8731 8731 1
5086 5086 1
6585 6585 1
7669 7669 1
5574 5574 1
8418 8418 1
5789 5789 1
7921 7921 1
7219 7219 1
6179 6179 1
 
7296 7296 1
7647 7647 1
7244 7244 1
7172 7172 1
5808 5808 1
8888 8888 1
7948 7948 1
7706 7706 1
10445 10445 1
6459 6459 1
7441 7441 1
6097 6097 1
8349 8349 1
9355 9355 1
6206 6206 1
8567 8567 1
7731 7731 1
8285 8285 1
6613 6613 1
6188 6188 1
7899 7899 1
7532 7532 1
7153 7153 1
5806 5806 1
7782 7782 1
 
9520 9520 1
8777 8777 1
8926 8926 1
7759 7759 1
7550 7550 1
6300 6300 1
8512 8512 1
7887 7887 1
6136 6136 1
8297 8297 1
8483 8483 1
5034 5034 1
8833 8833 1
8718 8718 1
8407 8407 1
10539 10539 1
8355 8355 1
10678 10678 1
7702 7702 1
8063 8063 1
8880 8880 1
6191 6191 1
8479 8479 1
8879 8879 1
5364 5364 1
 
7327 7327 1
7841 7841 1
7762 7762 1
6555 6555 1
6758 6758 1
6226 6226 1
8956 8956 1
9050 9050 1
8615 8615 1
6865 6865 1
10387 10387 1
7751 7751 1
8350 8350 1
7572 7572 1
7609 7609 1
8379 8379 1
8228 8228 1
6320 6320 1
9399 9399 1
6125 6125 1
8458 8458 1
7256 7256 1
9184 9184 1
7464 7464 1
6095 6095 1
 
7907 7907 1
8603 8603 1
6378 6378 1
7169 7169 1
8543 8543 1
7836 7836 1
8400 8400 1
9254 9254 1
6867 6867 1
8926 8926 1
6612 6612 1
10052 10052 1
10213 10213 1
6448 6448 1
8018 8018 1
6536 6536 1
7583 7583 1
6222 6222 1
8439 8439 1
7380 7380 1
7991 7991 1
8672 8672 1
11168 11168 1
6549 6549 1
9628 9628 1
 
8001 8001 1
8479 8479 1
7676 7676 1
7087 7087 1
8108 8108 1
8152 8152 1
7663 7663 1
8548 8548 1
5828 5828 1
9035 9035 1
8229 8229 1
10043 10043 1
9164 9164 1
8710 8710 1
6497 6497 1
7216 7216 1
7627 7627 1
9006 9006 1
6891 6891 1
9076 9076 1
9381 9381 1
10845 10845 1
7475 7475 1
8508 8508 1
7943 7943 1
 
9665 9665 1
7555 7555 1
10454 10454 1
6475 6475 1
8754 8754 1
10320 10320 1
8620 8620 1
10350 10350 1
8073 8073 1
7753 7753 1
7563 7563 1
8737 8737 1
9926 9926 1
11238 11238 1
7727 7727 1
9751 9751 1
11945 11945 1
6892 6892 1
8663 8663 1
10866 10866 1
9149 9149 1
8695 8695 1
10068 10068 1
8925 8925 1
9138 9138 1
 
8451 8451 1
10550 10550 1
7738 7738 1
6903 6903 1
9440 9441 0
11597 11597 1
8832 8832 1
10576 10576 1
6773 6773 1
8117 8117 1
7948 7948 1
9130 9130 1
7382 7382 1
6969 6969 1
7619 7619 1
7907 7907 1
8032 8032 1
10003 10003 1
8068 8068 1
7001 7001 1
7994 7994 1
9039 9039 1
9810 9810 1
9587 9587 1
8895 8895 1
 
1507 9162 0
1621 9038 0
1629 9871 0
1636 9430 0
1445 8592 0
1365 7273 0
1398 7336 0
1703 9708 0
1507 8393 0
1910 10442 0
1837 9645 0
1533 10019 0
1404 9008 0
1650 10594 0
1688 9548 0
1700 11452 0
1691 9746 0
1610 9175 0
1545 8879 0
1507 9190 0
1621 9499 0
1180 6568 0
1880 10191 0
1618 8847 0
1499 9313 0
 
===
