3899 5269 0
2397 2986 0
3349 4122 0
3538 4205 0
2257 3150 0
2708 3240 0
2276 2995 0
2527 3057 0
2534 3118 0
1582 2109 0
2776 3690 0
1734 2327 0
1823 2625 0
2184 2543 0
1972 2894 0
1959 2669 0
2911 3683 0
2304 2842 0
3613 4302 0
3055 3989 0
2172 2853 0
3370 4040 0
3019 3881 0
3286 3759 0
3792 4346 0
 
253 2262 0
536 3818 0
439 3788 0
186 2300 0
376 4277 0
226 2034 0
344 3211 0
260 2726 0
312 2545 0
482 5106 0
420 3797 0
211 4021 0
614 4261 0
358 4343 0
353 2779 0
261 2466 0
371 3882 0
250 2939 0
467 4220 0
392 2889 0
332 3259 0
373 3878 0
234 2290 0
398 3548 0
329 3007 0
 
131 2061 0
182 2726 0
175 2985 0
240 3195 0
191 2481 0
205 3394 0
358 3227 0
154 2721 0
242 3672 0
169 2377 0
217 3435 0
251 3252 0
182 3021 0
165 2921 0
211 3277 0
221 2599 0
227 3080 0
129 2353 0
194 2913 0
272 3219 0
163 2360 0
196 2661 0
189 3618 0
169 3231 0
227 3050 0
 
121 2704 0
125 2456 0
142 2708 0
194 2760 0
105 2375 0
153 2980 0
186 2676 0
123 2247 0
160 2779 0
115 2219 0
142 2810 0
157 2786 0
184 2295 0
115 2568 0
128 2694 0
144 2534 0
191 2973 0
129 2553 0
108 2002 0
158 3022 0
225 2556 0
189 2890 0
147 2972 0
112 2407 0
163 2932 0
 
===
1723 1723 1
1851 1851 1
1551 1551 1
2021 2021 1
837 837 1
879 879 1
1200 1200 1
1470 1470 1
1501 1501 1
1696 1696 1
774 774 1
946 946 1
1270 1270 1
1243 1243 1
792 792 1
3247 3247 1
1066 1066 1
1117 1117 1
1087 1087 1
1093 1093 1
856 856 1
1313 1313 1
1942 1942 1
1156 1156 1
1346 1346 1
 
1357 1357 1
2650 2650 1
682 682 1
1072 1072 1
1403 1403 1
1372 1372 1
1131 1131 1
1361 1361 1
1300 1300 1
1573 1573 1
835 835 1
1604 1604 1
1317 1317 1
1299 1299 1
1926 1926 1
1924 1924 1
1979 1979 1
2029 2029 1
1026 1026 1
978 978 1
961 961 1
2202 2202 1
1905 1905 1
1602 1602 1
2347 2347 1
 
1258 1258 1
1365 1365 1
955 955 1
947 947 1
1625 1625 1
2070 2070 1
903 903 1
1461 1461 1
1238 1238 1
915 915 1
1032 1032 1
1830 1830 1
922 922 1
2210 2210 1
2142 2142 1
1737 1737 1
1666 1666 1
2242 2242 1
1868 1868 1
1604 1604 1
989 989 1
1777 1777 1
1742 1742 1
822 822 1
906 906 1
 
2233 2233 1
1050 1050 1
1331 1331 1
1678 1678 1
1329 1329 1
1960 1960 1
1236 1236 1
2153 2153 1
1591 1591 1
1088 1088 1
1458 1458 1
1845 1845 1
1364 1364 1
1418 1418 1
890 890 1
1659 1659 1
1009 1009 1
2035 2035 1
1091 1091 1
1062 1062 1
1335 1335 1
2129 2129 1
978 978 1
1086 1086 1
934 934 1
 
2525 2525 1
2093 2093 1
1481 1481 1
1263 1263 1
915 915 1
1584 1584 1
1807 1807 1
1044 1044 1
1647 1647 1
1953 1953 1
1663 1663 1
1748 1748 1
2063 2063 1
1306 1306 1
2564 2564 1
2153 2153 1
1285 1285 1
2073 2073 1
2152 2152 1
1868 1868 1
928 928 1
2605 2605 1
1467 1467 1
2058 2058 1
1198 1198 1
 
1929 1929 1
1319 1319 1
1339 1339 1
2064 2064 1
1905 1905 1
1725 1725 1
1312 1312 1
1313 1313 1
2144 2144 1
2139 2139 1
1794 1794 1
1482 1482 1
2371 2371 1
1781 1781 1
1552 1552 1
1252 1252 1
1423 1423 1
1256 1256 1
1258 1258 1
1034 1034 1
1383 1383 1
1930 1930 1
1589 1589 1
1327 1327 1
2037 2037 1
 
1929 1929 1
2001 2001 1
1264 1264 1
1933 1933 1
1500 1500 1
1669 1669 1
2052 2052 1
2089 2089 1
1066 1066 1
1315 1315 1
2061 2061 1
1319 1319 1
1270 1270 1
1613 1613 1
1732 1732 1
2318 2318 1
1885 1885 1
2361 2361 1
2246 2246 1
1154 1154 1
2017 2017 1
1421 1421 1
2010 2010 1
1767 1767 1
1999 1999 1
 
2463 2463 1
3349 3349 1
1978 1978 1
1789 1789 1
1966 1966 1
2147 2147 1
2273 2273 1
1194 1194 1
1573 1573 1
1859 1859 1
1847 1847 1
1321 1321 1
1223 1223 1
2117 2117 1
1229 1229 1
1319 1319 1
3623 3623 1
2006 2006 1
2164 2164 1
1563 1563 1
2470 2470 1
1999 1999 1
1951 1951 1
2277 2277 1
2580 2580 1
 
1492 1492 1
1654 1654 1
2707 2707 1
1787 1787 1
3340 3340 1
2078 2078 1
1688 1688 1
2014 2014 1
1237 1237 1
2189 2189 1
1327 1327 1
2540 2540 1
1424 1424 1
1518 1518 1
1802 1802 1
1713 1713 1
1546 1546 1
2014 2014 1
2852 2852 1
1218 1218 1
1786 1786 1
2552 2552 1
1494 1494 1
1927 1927 1
1705 1705 1
 
2285 2285 1
3468 3468 1
2938 2938 1
1541 1541 1
2528 2528 1
2995 2995 1
2532 2532 1
2229 2229 1
2844 2844 1
2064 2064 1
2390 2390 1
1063 1063 1
2703 2703 1
1968 1968 1
2268 2268 1
3019 3019 1
2060 2060 1
1206 1206 1
1824 1824 1
2203 2203 1
2184 2184 1
3443 3443 1
1307 1307 1
1746 1746 1
1868 1868 1
 
2154 2154 1
1530 1530 1
4788 4788 1
2092 2093 0
2578 2578 1
2237 2237 1
2547 2547 1
2087 2087 1
2459 2459 1
1694 1694 1
2013 2013 1
1470 1470 1
1840 1840 1
2231 2231 1
1416 1416 1
1962 1962 1
1508 1508 1
1156 1156 1
2939 2939 1
2526 2526 1
1515 1515 1
2310 2310 1
1839 1839 1
1263 1263 1
2188 2188 1
 
1374 1374 1
1912 1912 1
1773 1773 1
2881 2881 1
1676 1676 1
2101 2101 1
2257 2257 1
2754 2754 1
2437 2437 1
2980 2980 1
1409 1409 1
1268 1268 1
2236 2236 1
2678 2678 1
2134 2134 1
2421 2421 1
2631 2631 1
2515 2515 1
3297 3297 1
2909 2909 1
2026 2026 1
2843 2843 1
2369 2369 1
3092 3092 1
1939 1939 1
 
2597 2597 1
2511 2511 1
2728 2728 1
1692 1692 1
1968 1968 1
2692 2692 1
2840 2840 1
2351 2351 1
2921 2921 1
2517 2517 1
2529 2530 0
1980 1980 1
1939 1939 1
2397 2397 1
1967 1967 1
1921 1921 1
1575 1575 1
2172 2172 1
3111 3111 1
2112 2112 1
2491 2491 1
3012 3012 1
2269 2269 1
2038 2039 0
3152 3152 1
 
1924 1924 1
1889 1889 1
2193 2193 1
3426 3426 1
2823 2824 0
2281 2282 0
3000 3000 1
3950 3950 1
2760 2760 1
1627 1628 0
2544 2544 1
2127 2127 1
2296 2296 1
2331 2331 1
2821 2821 1
2301 2301 1
1720 1721 0
2522 2522 1
2131 2131 1
2928 2928 1
3240 3240 1
2601 2601 1
3624 3624 1
2733 2733 1
1791 1792 0
 
3037 3037 1
2943 2943 1
2481 2481 1
3789 3789 1
1765 1765 1
2850 2853 0
1622 1624 0
2227 2228 0
1555 1555 1
2061 2061 1
1751 1751 1
3112 3112 1
3530 3530 1
2333 2333 1
2420 2420 1
3234 3234 1
3016 3016 1
2021 2022 0
3451 3451 1
2998 2998 1
4840 4842 0
1945 1945 1
2199 2201 0
1460 1462 0
1834 1836 0
 
2960 2961 0
2545 2545 1
2983 2985 0
4098 4098 1
1963 1967 0
1878 1878 1
2327 2327 1
2704 2706 0
2966 2966 1
2847 2847 1
1907 1915 0
2237 2237 1
3204 3205 0
3165 3165 1
2151 2151 1
2106 2111 0
2907 2911 0
2103 2106 0
2949 2949 1
2825 2831 0
2439 2439 1
2577 2577 1
2421 2426 0
2424 2426 0
1926 1931 0
 
3243 3252 0
2167 2180 0
2727 2745 0
2935 2936 0
3723 3745 0
2591 2615 0
3238 3239 0
2438 2443 0
2420 2423 0
2418 2427 0
1951 1970 0
3122 3124 0
2625 2631 0
2288 2291 0
3272 3278 0
1563 1587 0
2022 2040 0
2668 2669 0
2875 2888 0
3121 3132 0
2500 2501 0
2673 2673 1
3646 3648 0
1603 1604 0
2138 2141 0
 
2379 2417 0
2932 2939 0
3221 3241 0
2948 2962 0
3007 3064 0
2342 2354 0
2572 2584 0
2097 2104 0
2899 2910 0
2397 2415 0
3920 3932 0
2634 2665 0
2154 2165 0
1999 2021 0
2051 2055 0
3019 3020 0
3165 3169 0
2582 2601 0
2533 2561 0
2918 2923 0
3778 3859 0
1693 1739 0
2712 2741 0
2899 2904 0
3233 3235 0
 
3518 3543 0
3014 3017 0
2184 2190 0
3536 3582 0
1939 2018 0
1885 1970 0
2829 2861 0
3814 3847 0
2524 2564 0
3426 3449 0
2860 2901 0
2481 2494 0
2337 2366 0
3426 3491 0
2132 2198 0
2310 2345 0
3417 3429 0
2141 2216 0
3254 3262 0
2862 2870 0
3851 3873 0
3490 3539 0
5140 5167 0
2934 3045 0
2674 2683 0
 
1844 1899 0
2195 2242 0
2458 2692 0
2966 2995 0
3142 3265 0
1950 2039 0
2594 2672 0
2613 2651 0
2474 2609 0
2969 2990 0
2922 3022 0
2144 2204 0
2636 2728 0
3098 3148 0
2868 3131 0
2501 2581 0
2286 2433 0
3981 4040 0
2821 2853 0
2411 2465 0
3687 3781 0
2144 2221 0
3959 4085 0
3700 3730 0
3124 3135 0
 
2719 2826 0
3066 3102 0
2381 2506 0
2543 2654 0
2619 2749 0
2625 2776 0
2210 2322 0
5378 5724 0
3224 3481 0
2866 3119 0
2373 2419 0
3883 4024 0
4365 4451 0
4491 4667 0
2721 2833 0
3363 3511 0
2420 2500 0
2495 2609 0
2300 2478 0
2419 2602 0
3646 3794 0
3137 3427 0
3036 3336 0
2765 2908 0
3027 3299 0
 
3902 5270 0
2395 2986 0
3352 4123 0
3536 4207 0
2257 3152 0
2706 3239 0
2268 2993 0
2530 3060 0
2525 3119 0
1565 2100 0
2773 3687 0
1740 2326 0
1824 2625 0
2186 2546 0
1979 2892 0
1954 2668 0
2900 3682 0
2302 2840 0
3630 4313 0
3068 3983 0
2178 2851 0
3371 4038 0
3022 3881 0
3296 3766 0
3787 4349 0
 
255 2264 0
532 3819 0
440 3788 0
187 2296 0
378 4278 0
225 2034 0
344 3208 0
259 2726 0
314 2544 0
481 5103 0
422 3793 0
213 4020 0
614 4262 0
356 4342 0
351 2778 0
261 2467 0
372 3880 0
254 2938 0
466 4218 0
392 2889 0
333 3259 0
379 3878 0
234 2289 0
399 3543 0
330 3006 0
 
===
