15477 15477 1
16841 16841 1
14873 14873 1
15859 15859 1
20284 20284 1
16416 16416 1
21480 21480 1
18876 18876 1
18094 18094 1
15084 15084 1
16737 16737 1
15438 15438 1
16384 16384 1
16893 16893 1
15277 15277 1
18433 18433 1
16892 16892 1
16096 16096 1
16282 16282 1
16685 16685 1
28672 28672 1
19241 19241 1
16906 16906 1
20905 20905 1
19870 19870 1
 
26126 26126 1
18876 18876 1
18804 18804 1
16575 16575 1
19284 19284 1
15811 15811 1
19418 19418 1
16379 16379 1
16107 16107 1
21513 21513 1
16580 16580 1
20701 20701 1
17758 17758 1
19643 19643 1
17354 17354 1
23454 23454 1
17919 17919 1
17238 17238 1
19044 19044 1
21592 21592 1
17242 17242 1
18654 18654 1
18719 18719 1
18989 18989 1
18216 18216 1
 
15671 15671 1
18463 18463 1
15938 15938 1
19915 19915 1
16771 16771 1
16915 16915 1
20865 20865 1
21251 21251 1
17636 17636 1
17532 17532 1
18775 18775 1
16547 16547 1
18972 18972 1
17006 17006 1
21861 21861 1
21000 21000 1
17036 17036 1
20403 20403 1
21370 21370 1
21492 21492 1
19612 19612 1
20877 20877 1
19849 19849 1
18431 18431 1
20079 20079 1
 
18852 18852 1
20560 20560 1
17072 17072 1
20389 20389 1
16168 16168 1
22547 22547 1
19266 19266 1
19910 19910 1
20868 20868 1
19613 19613 1
21131 21131 1
22283 22283 1
23329 23329 1
34131 34131 1
24207 24207 1
22391 22391 1
18923 18923 1
19128 19128 1
21880 21880 1
23959 23959 1
19753 19753 1
24608 24608 1
22423 22423 1
17288 17288 1
19904 19904 1
 
22120 22120 1
22424 22424 1
20501 20501 1
21686 21686 1
27117 27117 1
19937 19937 1
20731 20731 1
25919 25919 1
23645 23645 1
22338 22338 1
21273 21273 1
20287 20287 1
23786 23786 1
25290 25290 1
20869 20869 1
21659 21659 1
21245 21245 1
26770 26770 1
18650 18650 1
22402 22402 1
22446 22446 1
23891 23891 1
21988 21988 1
22890 22890 1
24454 24454 1
 
19376 19376 1
19957 19957 1
22456 22456 1
21329 21329 1
27651 27651 1
25706 25706 1
25401 25401 1
26051 26051 1
22648 22648 1
28246 28246 1
20193 20193 1
24350 24350 1
22652 22652 1
25828 25828 1
22459 22459 1
20942 20942 1
20035 20035 1
21500 21500 1
21492 21492 1
27465 27465 1
45561 45561 1
26986 26986 1
23031 23031 1
27339 27339 1
27314 27314 1
 
23219 23219 1
22365 22365 1
24557 24557 1
25669 25669 1
21219 21219 1
25345 25345 1
22972 22972 1
23618 23618 1
23443 23443 1
22356 22356 1
28563 28563 1
24010 24010 1
22349 22349 1
25028 25028 1
27367 27367 1
25061 25061 1
24295 24295 1
22911 22911 1
25809 25809 1
21785 21785 1
22584 22584 1
27454 27454 1
23832 23832 1
20777 20777 1
23967 23967 1
 
27963 27963 1
26652 26652 1
27559 27559 1
23344 23344 1
27184 27184 1
28029 28029 1
22565 22565 1
25926 25926 1
23304 23304 1
24461 24461 1
24012 24012 1
24578 24578 1
26647 26647 1
24917 24917 1
22520 22520 1
29749 29749 1
27800 27800 1
19045 19045 1
27028 27028 1
32384 32384 1
21941 21941 1
25926 25926 1
44757 44757 1
26341 26341 1
24505 24505 1
 
29316 29316 1
24373 24373 1
27299 27299 1
31971 31971 1
25372 25372 1
27872 27872 1
27628 27628 1
22995 22995 1
33724 33724 1
32853 32853 1
28836 28836 1
26495 26495 1
29534 29534 1
26554 26554 1
29168 29168 1
26059 26059 1
28068 28068 1
27668 27668 1
25665 25665 1
27365 27365 1
24678 24678 1
26274 26274 1
27690 27690 1
29386 29386 1
28283 28283 1
 
32210 32210 1
30552 30552 1
27839 27839 1
27405 27405 1
27161 27161 1
30302 30302 1
33958 33958 1
28077 28077 1
24804 24804 1
30455 30455 1
30240 30240 1
30625 30625 1
28363 28363 1
29875 29875 1
34124 34124 1
33147 33147 1
32751 32751 1
23743 23743 1
29130 29130 1
33682 33682 1
30032 30032 1
34827 34827 1
26497 26497 1
35009 35009 1
32648 32648 1
 
29338 29338 1
32810 32810 1
30648 30648 1
32630 32630 1
28824 28824 1
29227 29227 1
27883 27883 1
30296 30296 1
30055 30055 1
33867 33867 1
31687 31687 1
27394 27394 1
32230 32230 1
26349 26349 1
27984 27984 1
27997 27997 1
28180 28180 1
26373 26373 1
33416 33416 1
28497 28497 1
30178 30178 1
29750 29750 1
32017 32017 1
27113 27113 1
33695 33695 1
 
32736 32736 1
26694 26694 1
30646 30646 1
28842 28842 1
35772 35772 1
29028 29028 1
26292 26292 1
31460 31460 1
24666 24666 1
27812 27812 1
30644 30644 1
29482 29482 1
46664 46664 1
35420 35420 1
39859 39859 1
32638 32638 1
30500 30500 1
34749 34749 1
32241 32241 1
29751 29751 1
30163 30163 1
26800 26800 1
32152 32152 1
28030 28030 1
29094 29094 1
 
31378 31378 1
30286 30286 1
32799 32799 1
28232 28232 1
35313 35313 1
32775 32775 1
32387 32387 1
36891 36891 1
32544 32544 1
33943 33943 1
36942 36942 1
32749 32749 1
34680 34680 1
31218 31218 1
34888 34888 1
34676 34676 1
33114 33114 1
35287 35287 1
32590 32590 1
29676 29676 1
36004 36004 1
26754 26754 1
30325 30325 1
38688 38688 1
32286 32286 1
 
32576 32576 1
28684 28684 1
32016 32016 1
45290 45290 1
38126 38126 1
36569 36569 1
37243 37243 1
41953 41953 1
40669 40669 1
39975 39975 1
33596 33596 1
34237 34237 1
36632 36632 1
38038 38038 1
37111 37111 1
33305 33305 1
38125 38125 1
36140 36140 1
35588 35588 1
32004 32004 1
34199 34199 1
33643 33643 1
36504 36504 1
31922 31922 1
31400 31400 1
 
29376 29376 1
36335 36335 1
37273 37273 1
30131 30131 1
34825 34825 1
43930 43930 1
33196 33196 1
31363 31363 1
32321 32321 1
34198 34198 1
32565 32565 1
32820 32820 1
35972 35972 1
33955 33955 1
34198 34198 1
35680 35680 1
44015 44015 1
37901 37901 1
48249 48249 1
38284 38284 1
34449 34449 1
38045 38045 1
32065 32065 1
29554 29554 1
40748 40748 1
 
32244 32244 1
37554 37554 1
33485 33485 1
37239 37239 1
37627 37627 1
34816 34816 1
38308 38308 1
35580 35580 1
34572 34572 1
40932 40932 1
29606 29606 1
36755 36755 1
37941 37941 1
32013 32013 1
33549 33549 1
34495 34495 1
37186 37186 1
34311 34311 1
32292 32292 1
30227 30227 1
34049 34049 1
31281 31281 1
35115 35115 1
38098 38098 1
37812 37812 1
 
36440 36440 1
36894 36894 1
91655 91655 1
40862 40862 1
40633 40633 1
42693 42693 1
42892 42892 1
35912 35912 1
35811 35811 1
37617 37617 1
39456 39456 1
39417 39417 1
39994 39994 1
38015 38015 1
36330 36330 1
34659 34659 1
35916 35916 1
37501 37501 1
36033 36033 1
40105 40105 1
36843 36843 1
39292 39292 1
39808 39808 1
41298 41298 1
38560 38560 1
 
38188 38188 1
43586 43586 1
39025 39025 1
38282 38282 1
41426 41426 1
35200 35200 1
44629 44629 1
41123 41123 1
41468 41468 1
38087 38087 1
38440 38440 1
101377 101377 1
41972 41972 1
46071 46071 1
47047 47047 1
40498 40498 1
36439 36439 1
38168 38168 1
46307 46307 1
37616 37616 1
41386 41386 1
39354 39354 1
37862 37862 1
35111 35111 1
35785 35785 1
 
43696 43696 1
36275 36275 1
47999 47999 1
44595 44595 1
40419 40419 1
34863 34863 1
42720 42720 1
41987 41987 1
43001 43001 1
41269 41269 1
42513 42513 1
42650 42650 1
36334 36334 1
40388 40388 1
39737 39737 1
40514 40514 1
43483 43483 1
38083 38083 1
41928 41928 1
57903 57903 1
43384 43384 1
46094 46094 1
44012 44012 1
51328 51328 1
40359 40359 1
 
42342 42342 1
37883 37883 1
43355 43355 1
45809 45809 1
43307 43307 1
41401 41401 1
39084 39084 1
39216 39216 1
40987 40987 1
37427 37427 1
44352 44352 1
39709 39709 1
41555 41555 1
40476 40476 1
36223 36223 1
45936 45936 1
42608 42608 1
39271 39271 1
43012 43012 1
43543 43543 1
40908 40908 1
38219 38219 1
39580 39580 1
36916 36916 1
39490 39490 1
 
41846 41846 1
55057 55057 1
46560 46560 1
45235 45235 1
45341 45341 1
42507 42507 1
43102 43102 1
43238 43238 1
40360 40360 1
35035 35035 1
40328 40328 1
44641 44641 1
38956 38956 1
45906 45906 1
45541 45541 1
38315 38315 1
38553 38553 1
40905 40905 1
39752 39752 1
39837 39837 1
39684 39684 1
42056 42056 1
44025 44025 1
42016 42016 1
45082 45082 1
 
13359 13359 1
13280 13280 1
13280 13280 1
13380 13380 1
13386 13386 1
13361 13361 1
13290 13290 1
16152 16152 1
18938 18938 1
15205 15205 1
16654 16654 1
13350 13350 1
13416 13416 1
13283 13283 1
13448 13448 1
14777 14777 1
13564 13564 1
13269 13269 1
13192 13192 1
13460 13460 1
13371 13371 1
13231 13231 1
13311 13311 1
13362 13362 1
13472 13472 1
 
7783 15851 0
7842 15732 0
7942 15765 0
7943 15644 0
8375 15969 0
8029 15629 0
8436 15631 0
9115 15805 0
8634 15417 0
8881 15538 0
8331 15674 0
7455 15604 0
9886 18305 0
9627 17647 0
10216 19246 0
8521 17151 0
8122 15927 0
9078 15802 0
8253 15753 0
8074 15698 0
8148 15787 0
8381 15667 0
7627 15703 0
7794 15992 0
8018 15751 0
 
===
