625 625 1
1236 1236 1
734 734 1
714 714 1
617 617 1
397 397 1
654 654 1
736 736 1
745 745 1
809 809 1
419 419 1
826 826 1
1101 1101 1
881 881 1
503 503 1
671 671 1
553 553 1
687 687 1
780 780 1
781 781 1
680 680 1
653 653 1
620 620 1
512 512 1
799 799 1
 
506 506 1
729 729 1
593 593 1
717 717 1
745 745 1
878 878 1
719 719 1
679 679 1
1170 1170 1
620 620 1
931 931 1
685 685 1
757 757 1
805 805 1
1048 1048 1
751 751 1
767 767 1
1079 1079 1
576 576 1
1411 1411 1
945 945 1
902 902 1
877 877 1
589 589 1
453 453 1
 
1047 1047 1
952 952 1
801 801 1
820 820 1
563 563 1
848 848 1
764 764 1
726 726 1
657 657 1
1119 1119 1
555 555 1
673 673 1
790 790 1
631 631 1
638 638 1
1057 1057 1
648 648 1
739 739 1
779 779 1
737 737 1
751 751 1
975 975 1
933 933 1
960 960 1
938 938 1
 
742 742 1
1007 1007 1
596 596 1
571 571 1
885 885 1
730 730 1
949 949 1
652 652 1
1277 1277 1
747 747 1
1143 1143 1
877 877 1
720 720 1
1349 1349 1
1031 1031 1
926 926 1
413 413 1
685 685 1
625 625 1
866 866 1
834 834 1
853 853 1
709 709 1
734 734 1
838 838 1
 
184 184 1
293 293 1
181 181 1
227 227 1
205 205 1
225 225 1
261 261 1
233 233 1
276 276 1
235 235 1
217 217 1
264 264 1
174 174 1
225 225 1
276 276 1
199 199 1
232 232 1
226 226 1
262 262 1
288 288 1
153 153 1
265 265 1
304 304 1
229 229 1
215 215 1
 
204 204 1
193 193 1
168 168 1
243 243 1
319 319 1
204 204 1
225 225 1
285 285 1
184 184 1
170 170 1
215 215 1
366 366 1
265 265 1
233 233 1
243 243 1
263 263 1
176 176 1
272 272 1
132 132 1
287 287 1
222 222 1
178 178 1
247 247 1
198 198 1
193 193 1
 
280 280 1
225 225 1
234 234 1
345 345 1
212 212 1
320 320 1
254 254 1
304 304 1
244 244 1
198 198 1
249 249 1
288 288 1
363 363 1
314 314 1
294 294 1
262 262 1
196 196 1
256 256 1
224 224 1
232 232 1
229 229 1
271 271 1
229 229 1
211 211 1
234 234 1
 
326 326 1
362 362 1
278 278 1
348 348 1
251 251 1
246 246 1
340 340 1
281 281 1
342 342 1
200 200 1
215 215 1
303 303 1
173 173 1
340 340 1
284 284 1
390 390 1
297 297 1
357 357 1
256 256 1
375 375 1
272 272 1
220 220 1
353 353 1
215 215 1
270 270 1
 
232 232 1
276 276 1
352 352 1
298 298 1
287 287 1
191 191 1
264 264 1
321 321 1
286 286 1
270 270 1
249 249 1
350 350 1
232 232 1
321 321 1
303 303 1
265 265 1
323 323 1
303 303 1
210 210 1
327 327 1
330 330 1
271 271 1
230 230 1
266 266 1
323 323 1
 
294 294 1
274 274 1
507 507 1
312 312 1
308 308 1
355 355 1
298 298 1
339 339 1
380 380 1
196 196 1
331 331 1
321 321 1
302 302 1
247 247 1
318 318 1
380 380 1
340 340 1
204 204 1
213 213 1
259 259 1
298 298 1
273 273 1
327 327 1
278 278 1
245 245 1
 
235 235 1
340 340 1
357 357 1
246 246 1
238 238 1
310 310 1
366 366 1
256 256 1
353 353 1
238 238 1
282 282 1
263 263 1
338 338 1
276 276 1
316 316 1
339 339 1
439 439 1
369 369 1
394 394 1
282 282 1
256 256 1
349 349 1
343 343 1
344 344 1
364 364 1
 
306 306 1
303 303 1
403 403 1
347 347 1
352 352 1
235 235 1
271 271 1
315 315 1
335 335 1
254 254 1
343 343 1
247 247 1
244 244 1
252 252 1
306 306 1
256 256 1
351 351 1
247 247 1
243 243 1
376 376 1
309 309 1
257 257 1
354 354 1
238 238 1
333 333 1
 
420 420 1
216 216 1
477 477 1
359 359 1
442 442 1
382 382 1
275 275 1
271 271 1
310 310 1
318 318 1
263 263 1
335 335 1
379 379 1
295 295 1
233 233 1
329 329 1
335 335 1
306 306 1
370 370 1
341 341 1
296 296 1
271 271 1
329 329 1
297 297 1
422 422 1
 
280 280 1
379 380 0
414 414 1
334 334 1
339 339 1
338 338 1
306 306 1
275 275 1
412 412 1
394 394 1
299 299 1
270 271 0
260 260 1
296 296 1
375 375 1
406 406 1
336 336 1
292 292 1
274 274 1
325 325 1
408 408 1
352 352 1
396 396 1
283 283 1
435 435 1
 
385 385 1
319 319 1
387 387 1
381 381 1
370 370 1
351 354 0
299 299 1
356 356 1
317 317 1
384 384 1
390 390 1
325 325 1
365 365 1
373 373 1
324 324 1
312 312 1
425 425 1
294 294 1
319 319 1
441 441 1
312 312 1
341 341 1
334 334 1
414 414 1
310 310 1
 
296 298 0
429 430 0
413 414 0
345 345 1
395 395 1
260 265 0
436 436 1
410 410 1
277 280 0
376 376 1
305 305 1
292 292 1
470 470 1
289 289 1
374 374 1
350 351 0
410 410 1
403 403 1
260 260 1
359 360 0
415 415 1
338 338 1
365 366 0
434 434 1
397 397 1
 
313 315 0
344 345 0
310 311 0
335 335 1
485 485 1
294 294 1
293 298 0
410 410 1
337 338 0
457 457 1
341 341 1
281 282 0
398 398 1
470 473 0
536 536 1
430 431 0
510 510 1
356 356 1
401 401 1
435 435 1
429 429 1
331 333 0
433 433 1
364 364 1
328 328 1
 
539 539 1
298 301 0
338 338 1
385 385 1
499 499 1
501 501 1
524 524 1
329 329 1
408 408 1
433 433 1
469 469 1
332 333 0
516 516 1
521 521 1
411 412 0
433 439 0
449 449 1
436 437 0
362 362 1
374 378 0
396 396 1
328 329 0
483 483 1
321 325 0
395 396 0
 
334 334 1
358 360 0
454 454 1
418 418 1
447 450 0
370 372 0
500 500 1
414 414 1
363 369 0
345 351 0
371 378 0
428 440 0
443 443 1
396 398 0
413 413 1
321 326 0
423 423 1
412 413 0
413 419 0
421 422 0
488 488 1
311 315 0
482 485 0
502 502 1
402 406 0
 
431 431 1
320 331 0
379 394 0
373 388 0
360 363 0
364 369 0
401 402 0
439 446 0
433 435 0
363 367 0
257 272 0
453 453 1
315 317 0
305 324 0
482 482 1
402 402 1
535 535 1
467 471 0
352 355 0
392 392 1
391 401 0
372 374 0
465 468 0
406 406 1
447 453 0
 
432 432 1
282 286 0
398 402 0
321 340 0
484 487 0
472 480 0
394 414 0
431 441 0
483 492 0
372 399 0
384 391 0
448 450 0
332 341 0
450 460 0
456 469 0
392 411 0
305 316 0
396 410 0
468 478 0
443 443 1
390 404 0
373 374 0
403 405 0
369 374 0
517 525 0
 
554 581 0
383 415 0
436 469 0
494 507 0
426 437 0
394 412 0
392 409 0
405 429 0
481 503 0
465 480 0
332 354 0
275 326 0
544 555 0
307 358 0
352 396 0
334 402 0
394 423 0
417 434 0
386 411 0
476 480 0
371 404 0
473 497 0
480 505 0
426 451 0
437 478 0
 
407 491 0
506 578 0
378 471 0
349 417 0
451 544 0
440 509 0
362 437 0
383 448 0
382 442 0
547 607 0
281 392 0
349 438 0
345 416 0
413 471 0
385 474 0
399 484 0
437 494 0
351 461 0
232 314 0
405 464 0
411 490 0
498 594 0
324 417 0
279 364 0
353 457 0
 
===