16450 16450 1
17814 17814 1
15318 15318 1
16585 16585 1
21310 21310 1
17383 17383 1
22919 22919 1
18853 18853 1
18122 18122 1
15108 15108 1
16765 16765 1
15441 15441 1
16373 16373 1
14947 14947 1
15262 15262 1
18507 18507 1
16890 16890 1
16117 16117 1
16292 16292 1
16681 16681 1
17938 17938 1
16751 16751 1
16367 16367 1
19281 19281 1
18979 18979 1
 
24619 24619 1
18084 18084 1
17906 17906 1
14752 14752 1
17633 17633 1
15215 15215 1
19388 19388 1
16156 16156 1
16147 16147 1
23735 23735 1
22525 22525 1
23751 23751 1
18874 18874 1
20553 20553 1
18217 18217 1
24165 24165 1
20066 20066 1
17748 17748 1
19993 19993 1
21699 21699 1
17293 17293 1
18536 18536 1
18728 18728 1
18967 18967 1
18245 18245 1
 
15701 15701 1
18461 18461 1
15892 15892 1
20080 20080 1
16514 16514 1
17054 17054 1
20866 20866 1
21082 21082 1
17598 17598 1
17596 17596 1
18668 18668 1
16610 16610 1
18971 18971 1
17036 17036 1
21922 21922 1
21031 21031 1
17127 17127 1
20322 20322 1
25766 25766 1
23032 23032 1
21125 21125 1
22024 22024 1
21548 21548 1
19292 19292 1
21185 21185 1
 
20377 20377 1
21428 21428 1
17161 17161 1
20729 20729 1
16156 16156 1
22802 22802 1
19398 19398 1
19862 19862 1
20864 20864 1
19642 19642 1
21183 21183 1
22259 22259 1
23337 23337 1
21221 21221 1
22212 22212 1
20473 20473 1
17940 17940 1
17426 17426 1
20737 20737 1
22941 22941 1
18917 18917 1
23129 23129 1
22372 22372 1
17206 17206 1
34193 34193 1
 
24003 24003 1
29439 29439 1
21786 21786 1
23025 23025 1
28504 28504 1
21196 21196 1
21792 21792 1
27753 27753 1
23784 23784 1
22407 22407 1
21406 21406 1
20304 20304 1
23779 23779 1
25521 25521 1
20906 20906 1
21705 21705 1
21400 21400 1
26602 26602 1
17979 17979 1
22477 22477 1
22489 22489 1
23926 23926 1
22041 22041 1
21348 21348 1
24435 24435 1
 
19351 19351 1
20010 20010 1
33660 33660 1
24000 24000 1
29906 29906 1
27697 27697 1
27222 27222 1
27427 27427 1
23556 23556 1
30222 30222 1
21214 21214 1
24371 24371 1
22712 22712 1
25831 25831 1
22593 22593 1
21114 21114 1
20129 20129 1
21505 21505 1
21644 21644 1
27442 27442 1
24634 24634 1
19811 19811 1
21477 21477 1
25418 25418 1
25430 25430 1
 
21907 21907 1
21303 21303 1
23351 23351 1
25631 25631 1
21107 21107 1
31167 31167 1
24639 24639 1
25342 25342 1
25436 25436 1
23519 23519 1
31377 31377 1
25733 25733 1
23718 23718 1
25509 25509 1
27465 27465 1
25156 25156 1
24430 24430 1
23339 23339 1
25718 25718 1
21706 21706 1
22535 22535 1
27598 27598 1
24421 24421 1
20819 20819 1
23964 23964 1
 
27864 27864 1
26702 26702 1
27539 27539 1
23367 23367 1
27095 27095 1
27325 27325 1
37895 37895 1
27892 27892 1
25131 25131 1
25984 25984 1
25705 25705 1
26192 26192 1
28688 28688 1
26095 26095 1
22382 22382 1
29519 29519 1
27919 27919 1
19049 19049 1
27254 27254 1
32318 32318 1
22511 22511 1
26107 26107 1
22885 22885 1
24204 24204 1
23007 23007 1
 
26054 26054 1
22539 22539 1
25298 25298 1
30064 30064 1
26515 26515 1
27938 27938 1
30172 30172 1
25010 25010 1
36207 36207 1
35633 35633 1
30957 30957 1
27632 27632 1
31344 31344 1
26653 26653 1
28999 28999 1
26203 26203 1
28102 28102 1
27841 27841 1
25669 25669 1
27475 27475 1
24689 24689 1
26365 26365 1
27630 27630 1
29355 29355 1
28202 28202 1
 
32121 32121 1
30493 30493 1
28039 28039 1
27413 27413 1
54949 54949 1
34661 34661 1
37234 37234 1
30249 30249 1
26728 26728 1
32463 32463 1
33563 33563 1
30956 30956 1
28677 28677 1
30136 30136 1
34366 34366 1
33235 33235 1
32976 32976 1
23563 23563 1
29347 29347 1
29918 29918 1
27668 27668 1
31590 31590 1
24967 24967 1
32447 32447 1
30043 30043 1
 
28940 28940 1
51760 51760 1
39459 39459 1
35204 35204 1
31045 31045 1
31068 31068 1
29953 29953 1
32240 32240 1
30225 30225 1
34145 34145 1
32434 32434 1
27604 27604 1
32336 32336 1
26369 26369 1
28077 28077 1
27990 27990 1
28445 28445 1
26496 26496 1
31776 31776 1
28547 28547 1
27256 27256 1
29974 29974 1
32189 32189 1
40949 40949 1
38629 38629 1
 
35660 35660 1
29394 29394 1
32839 32839 1
30964 30964 1
38727 38727 1
31939 31939 1
26435 26435 1
31822 31822 1
24824 24824 1
27976 27976 1
30703 30703 1
29880 29880 1
30391 30391 1
30060 30060 1
35717 35717 1
30222 30222 1
28129 28129 1
32303 32303 1
29995 29995 1
29755 29755 1
38237 38237 1
30037 30037 1
34983 34983 1
30485 30485 1
30962 30962 1
 
34381 34381 1
30500 30500 1
33018 33018 1
28371 28371 1
35298 35298 1
32829 32829 1
32481 32481 1
36328 36328 1
32715 32715 1
34045 34045 1
37099 37099 1
33327 33327 1
31476 31476 1
31168 31168 1
34893 34893 1
58369 58369 1
37055 37055 1
40486 40486 1
35485 35485 1
32326 32326 1
39525 39525 1
27713 27713 1
30289 30289 1
39210 39210 1
32527 32527 1
 
33050 33050 1
28620 28620 1
32157 32157 1
35201 35201 1
34351 34351 1
33917 33917 1
34354 34354 1
38639 38641 0
32735 32735 1
94169 94169 1
36938 36938 1
44480 44480 1
40393 40393 1
42803 42803 1
45824 45824 1
33478 33478 1
38098 38098 1
36431 36431 1
35546 35546 1
32220 32220 1
34312 34312 1
33715 33715 1
36684 36684 1
32041 32041 1
31936 31936 1
 
29626 29626 1
36386 36386 1
37976 37976 1
78905 78905 1
38862 38862 1
48360 48360 1
36173 36173 1
34385 34385 1
35127 35127 1
36716 36716 1
32742 32742 1
33262 33262 1
36186 36186 1
34073 34073 1
34424 34424 1
35771 35771 1
36317 36317 1
34218 34218 1
39736 39736 1
35330 35330 1
32058 32058 1
37826 37826 1
60297 60297 1
32721 32721 1
45269 45269 1
 
35625 35625 1
40949 40949 1
39152 39152 1
37829 37829 1
37471 37471 1
34940 34940 1
39271 39271 1
35670 35670 1
34672 34672 1
42507 42507 1
29772 29772 1
36843 36843 1
38049 38049 1
32012 32012 1
33860 33860 1
87072 87072 1
44371 44371 1
43460 43460 1
35653 35653 1
33171 33171 1
36957 36957 1
31291 31291 1
37253 37253 1
38354 38354 1
37932 37932 1
 
36529 36529 1
37007 37007 1
34009 34009 1
36686 36686 1
36524 36524 1
38882 38882 1
43715 43715 1
35134 35134 1
49944 49944 1
41681 41681 1
41584 41584 1
48345 48345 1
50587 50587 1
39150 39150 1
39054 39054 1
34953 34953 1
35874 35874 1
37603 37603 1
36164 36164 1
39615 39615 1
36979 36979 1
39269 39269 1
39719 39719 1
41251 41251 1
38480 38480 1
 
64109 64109 1
48893 48893 1
43503 43503 1
46068 46068 1
45493 45493 1
35778 35778 1
43808 43808 1
41296 41296 1
36997 36997 1
38499 38499 1
38518 38518 1
40094 40094 1
37166 37166 1
41958 41958 1
39986 39986 1
37013 37013 1
36711 36711 1
46342 46342 1
52354 52354 1
40883 40883 1
45768 45768 1
43294 43294 1
38098 38098 1
35250 35250 1
35834 35834 1
 
43863 43863 1
36486 36486 1
48425 48425 1
44974 44974 1
40458 40458 1
35132 35132 1
42961 42961 1
42647 42647 1
61652 61652 1
46131 46131 1
48004 48004 1
47373 47373 1
40394 40394 1
43075 43075 1
40064 40064 1
40762 40762 1
44739 44739 1
39080 39080 1
42245 42245 1
38147 38147 1
39108 39108 1
40266 40266 1
39879 39879 1
46121 46121 1
106997 106997 1
 
48356 48356 1
42976 42976 1
53869 53869 1
49374 49374 1
44151 44151 1
41142 41142 1
39059 39059 1
39923 39923 1
40817 40817 1
38368 38368 1
44355 44355 1
39621 39621 1
41643 41643 1
40646 40646 1
36254 36254 1
99195 99195 1
50173 50173 1
43573 43573 1
48416 48416 1
49517 49517 1
41401 41401 1
38189 38189 1
39706 39706 1
37106 37106 1
39713 39713 1
 
37328 37328 1
44087 44087 1
41737 41737 1
30916 30916 1
36344 36344 1
40959 40959 1
50938 50938 1
35055 35055 1
44789 44789 1
37907 37907 1
43064 43064 1
29129 29129 1
38951 38951 1
19031 19031 1
45957 45957 1
37899 37899 1
29700 29700 1
40974 40974 1
39847 39847 1
33205 33205 1
40023 40023 1
70113 70113 1
19153 19153 1
47761 47761 1
14945 14945 1
 
14850 18497 0
12007 16225 0
10921 15454 0
12541 16162 0
10790 15482 0
10400 15501 0
10394 15478 0
10831 16321 0
11040 15456 0
13179 15955 0
11691 15379 0
16004 22372 0
14716 17678 0
12008 16976 0
13546 18529 0
11986 17064 0
10613 15535 0
9838 15595 0
11390 15383 0
10658 15603 0
11785 15578 0
11184 15302 0
11851 15455 0
10710 15570 0
12043 15511 0
 
4954 16145 0
4915 16254 0
5868 18209 0
5589 17942 0
5796 18171 0
5688 17931 0
5394 16207 0
5615 16197 0
5467 16120 0
5631 16202 0
5256 16274 0
4698 16083 0
5277 16146 0
5286 16225 0
5316 16163 0
4759 16159 0
11664 34734 0
6376 18270 0
5984 18595 0
5826 18009 0
5589 17388 0
5148 16197 0
4774 16281 0
5038 16593 0
5147 16303 0
 
===