1723 1723 1
1851 1851 1
1551 1551 1
2021 2021 1
837 837 1
879 879 1
1201 1201 1
1470 1470 1
1500 1500 1
1696 1696 1
775 775 1
946 946 1
1270 1270 1
1242 1242 1
792 792 1
3247 3247 1
1066 1066 1
1115 1115 1
1090 1090 1
1092 1092 1
856 856 1
1315 1315 1
1941 1941 1
1156 1156 1
1346 1346 1
 
1357 1357 1
2650 2650 1
681 681 1
1074 1074 1
1403 1403 1
1374 1374 1
1131 1131 1
1359 1359 1
1300 1300 1
1574 1574 1
835 835 1
1604 1604 1
1317 1317 1
1299 1299 1
1926 1926 1
1925 1925 1
1979 1979 1
2034 2034 1
1026 1026 1
978 978 1
961 961 1
2202 2202 1
1905 1905 1
1601 1601 1
2348 2348 1
 
1258 1258 1
1365 1365 1
955 955 1
947 947 1
1626 1626 1
2070 2070 1
904 904 1
1461 1461 1
1238 1238 1
914 914 1
1032 1032 1
1829 1829 1
922 922 1
2210 2210 1
2142 2142 1
1739 1739 1
1666 1666 1
2242 2242 1
1869 1869 1
1605 1605 1
989 989 1
1776 1776 1
1743 1743 1
822 822 1
907 907 1
 
2231 2231 1
1050 1050 1
1332 1332 1
1676 1676 1
1328 1328 1
1961 1961 1
1236 1236 1
2155 2155 1
1591 1591 1
1087 1087 1
1460 1460 1
1845 1845 1
1364 1364 1
1417 1417 1
890 890 1
1659 1659 1
1009 1009 1
2035 2035 1
1091 1091 1
1064 1064 1
1335 1335 1
2130 2130 1
978 978 1
1087 1087 1
1036 1036 1
 
2693 2693 1
2317 2317 1
1550 1550 1
1309 1309 1
978 978 1
1699 1699 1
1832 1832 1
1045 1045 1
1653 1653 1
1960 1960 1
1670 1670 1
1755 1755 1
2063 2063 1
1387 1387 1
2566 2566 1
2163 2163 1
1309 1309 1
2075 2075 1
2173 2173 1
1876 1876 1
930 930 1
2615 2615 1
1473 1473 1
2065 2065 1
1196 1196 1
 
1941 1941 1
1322 1322 1
1394 1394 1
2066 2066 1
1927 1927 1
1732 1732 1
1341 1341 1
1316 1316 1
2150 2150 1
2142 2142 0
1805 1805 1
1484 1484 1
2381 2381 1
1875 1875 1
1555 1555 1
1253 1253 1
1425 1425 1
1281 1281 1
1262 1262 1
1033 1033 1
1390 1390 1
1934 1934 1
1597 1597 1
1335 1335 1
2084 2084 1
 
1937 1937 1
2011 2011 1
1267 1267 1
1936 1936 1
1498 1498 1
1679 1679 1
2064 2064 1
2108 2108 1
1069 1069 1
1317 1317 1
2075 2075 1
1324 1324 1
1276 1276 1
1617 1617 1
1739 1739 1
2325 2325 1
1897 1897 1
2369 2369 1
2249 2249 1
1161 1161 1
2017 2017 1
1422 1422 1
2013 2013 1
1777 1777 1
2006 2006 1
 
2474 2474 1
3359 3359 1
1978 1978 1
1789 1789 1
1966 1966 1
2147 2147 1
2274 2274 1
1195 1195 1
1573 1573 1
1859 1859 1
1851 1851 1
1321 1321 1
1223 1223 1
2117 2117 1
1228 1228 1
1319 1319 1
3625 3625 1
2010 2010 1
2166 2166 1
1563 1563 1
2469 2469 1
2000 2000 1
1950 1950 1
2277 2277 1
2580 2580 1
 
1492 1492 1
1654 1654 1
2710 2710 1
1785 1785 1
3339 3339 1
2078 2078 1
1696 1696 1
2016 2016 1
1237 1237 1
2189 2189 1
1327 1327 1
2540 2540 1
1424 1424 1
1519 1519 1
1803 1803 1
1712 1712 1
1546 1546 1
2014 2014 1
2851 2851 1
1219 1219 1
1787 1787 1
2550 2550 1
1494 1494 1
1931 1931 1
1704 1704 1
 
2283 2283 1
3466 3466 1
2938 2938 1
1541 1541 1
2526 2526 1
2997 2997 1
2534 2534 1
2229 2229 1
2843 2843 1
2063 2063 1
2390 2390 1
1063 1063 1
2703 2703 1
1969 1969 1
2266 2266 1
3015 3015 1
2062 2062 1
1206 1206 1
1824 1824 1
2205 2205 1
2186 2186 1
3447 3447 1
1306 1306 1
1746 1746 1
1868 1868 1
 
2154 2154 1
1531 1531 1
4783 4783 1
2110 2111 0
2576 2576 1
2239 2239 1
2547 2547 1
2091 2091 1
2451 2451 1
1694 1694 1
2014 2014 1
1468 1468 1
1839 1839 1
2231 2231 1
1415 1415 1
1963 1963 1
1506 1506 1
1158 1158 1
2939 2939 1
2510 2510 1
1448 1448 1
2179 2179 1
1726 1726 1
1184 1184 1
2064 2064 1
 
1351 1351 1
1906 1906 1
1750 1750 1
2870 2870 1
1639 1639 1
2098 2098 1
2251 2251 1
2676 2676 1
2429 2429 1
2955 2955 1
1407 1407 1
1265 1265 1
2261 2261 1
2667 2667 1
2120 2120 1
2395 2395 1
2618 2618 1
2506 2506 1
3298 3298 1
2847 2847 1
2010 2010 1
2830 2830 1
2363 2363 1
3071 3071 1
1916 1916 1
 
2586 2586 1
2497 2497 1
2710 2710 1
1685 1685 1
1965 1965 1
2689 2689 1
2807 2807 1
2338 2338 1
2897 2897 1
2500 2500 1
2527 2528 0
1976 1976 1
1936 1936 1
2377 2377 1
1963 1963 1
1917 1917 1
1571 1571 1
2154 2155 0
3082 3082 1
1825 1825 1
2488 2488 1
2792 2792 1
2258 2258 1
2026 2027 0
3118 3118 1
 
1920 1920 1
1880 1880 1
2183 2183 1
3415 3415 1
2812 2813 0
2257 2258 0
2979 2979 1
3960 3960 1
2771 2771 1
1626 1628 0
2543 2543 1
2128 2128 1
2431 2431 1
2557 2557 1
3018 3018 1
2489 2489 1
1721 1722 0
2537 2537 1
2137 2137 1
2944 2944 1
3256 3256 1
2621 2621 1
3651 3651 1
2761 2762 0
1808 1809 0
 
3065 3066 0
2989 2989 1
2510 2511 0
3814 3814 1
1776 1776 1
2891 2894 0
1632 1635 0
2236 2238 0
1559 1559 1
2075 2075 1
1764 1765 0
3143 3143 1
3550 3550 1
2348 2348 1
2437 2437 1
3248 3248 1
3036 3037 0
2022 2024 0
3469 3469 1
2391 2393 0
4868 4871 0
1976 1976 1
2205 2207 0
1470 1472 0
1841 1843 0
 
3002 3004 0
2567 2567 1
3014 3016 0
4125 4126 0
1981 1988 0
1897 1897 1
2337 2337 1
2722 2725 0
2993 2993 1
2829 2829 1
1891 1902 0
2260 2260 1
3223 3225 0
3186 3186 1
2157 2157 1
2105 2115 0
2929 2934 0
2101 2105 0
2962 2962 1
2830 2840 0
2442 2443 0
2577 2577 1
2449 2459 0
2433 2438 0
1921 1930 0
 
3235 3255 0
2152 2179 0
2712 2745 0
2930 2932 0
3698 3734 0
2579 2614 0
3237 3238 0
2433 2443 0
2419 2423 0
2414 2429 0
1947 1972 0
3120 3126 0
2676 2684 0
2291 2295 0
3309 3320 0
1548 1587 0
2013 2039 0
2665 2668 0
2870 2885 0
3116 3133 0
2498 2502 0
2695 2696 0
3636 3639 0
1603 1604 0
2139 2144 0
 
2369 2418 0
2926 2939 0
3197 3237 0
2925 2949 0
2984 3066 0
2334 2353 0
2557 2579 0
2092 2102 0
2892 2912 0
2389 2416 0
3907 3933 0
2619 2668 0
2147 2165 0
1983 2018 0
2049 2054 0
3016 3021 0
3160 3170 0
2570 2601 0
2557 2603 0
2911 2922 0
3747 3858 0
1680 1746 0
2695 2750 0
2898 2908 0
3231 3236 0
 
3508 3545 0
2978 2985 0
2176 2190 0
3504 3581 0
1890 2018 0
1863 1970 0
2815 2859 0
3782 3847 0
2507 2565 0
3411 3451 0
2845 2901 0
2481 2500 0
2308 2366 0
3397 3491 0
2108 2199 0
2289 2346 0
3364 3387 0
2119 2216 0
3257 3274 0
2856 2870 0
3834 3871 0
3448 3540 0
5114 5169 0
2865 3044 0
2667 2683 0
 
1818 1900 0
2140 2235 0
2381 2713 0
2949 2996 0
3095 3263 0
1902 2038 0
2547 2673 0
2588 2650 0
2412 2608 0
2949 2988 0
2847 3023 0
2103 2205 0
2592 2725 0
3052 3149 0
2803 3132 0
2452 2582 0
2223 2434 0
3915 4034 0
2793 2856 0
2380 2474 0
3613 3782 0
2120 2223 0
3925 4084 0
3663 3731 0
3106 3134 0
 
2596 2826 0
2963 3082 0
2221 2506 0
2440 2653 0
2478 2750 0
2520 2775 0
2106 2322 0
5099 5727 0
3034 3478 0
2710 3121 0
2324 2419 0
3805 4025 0
4239 4450 0
4315 4666 0
2610 2850 0
3213 3508 0
2322 2497 0
2375 2605 0
2148 2470 0
2357 2602 0
3478 3797 0
3166 3573 0
3193 3644 0
2904 3207 0
3371 3768 0
 
593 5339 0
646 3010 0
659 4156 0
855 4256 0
388 3183 0
766 3270 0
579 3017 0
447 3082 0
619 3143 0
379 2131 0
743 3713 0
490 2349 0
465 2650 0
618 2561 0
383 2923 0
450 2691 0
609 3711 0
549 2873 0
892 4328 0
600 4008 0
557 2871 0
836 4078 0
669 3905 0
719 3790 0
778 4388 0
 
179 2283 0
342 3376 0
324 3546 0
140 2317 0
304 4085 0
167 2042 0
250 3223 0
177 2749 0
220 2557 0
345 4372 0
317 3729 0
163 4003 0
440 3821 0
264 3972 0
253 2801 0
198 2477 0
276 3702 0
187 2957 0
355 3882 0
273 2834 0
229 3288 0
274 3625 0
173 2292 0
265 3162 0
225 3010 0
 
===