3711 3711 1
2917 2917 1
3388 3388 1
3450 3450 1
1855 1855 1
2737 2737 1
2842 2842 1
3080 3080 1
5173 5173 1
4390 4390 1
3905 3905 1
4062 4062 1
3756 3756 1
3687 3687 1
2869 2869 1
3782 3782 1
3934 3934 1
4219 4219 1
2677 2677 1
3758 3758 1
3842 3842 1
3820 3820 1
2114 2114 1
2995 2995 1
4951 4951 1
 
2682 2682 1
3891 3891 1
5964 5964 1
2628 2628 1
2666 2666 1
3813 3813 1
3557 3557 1
3119 3119 1
3481 3481 1
3258 3258 1
3017 3017 1
5231 5231 1
4688 4688 1
3276 3276 1
3735 3735 1
4438 4438 1
3317 3317 1
3074 3074 1
5726 5726 1
3417 3417 1
3470 3470 1
3551 3551 1
3168 3168 1
2843 2843 1
2498 2498 1
 
3418 3418 1
2766 2766 1
3256 3256 1
5240 5240 1
4424 4424 1
3858 3858 1
2663 2663 1
3830 3830 1
3402 3402 1
3608 3608 1
3098 3098 1
3004 3004 1
3896 3896 1
3244 3244 1
4981 4981 1
3977 3977 1
4180 4180 1
3549 3549 1
3162 3162 1
3828 3828 1
4142 4142 1
3680 3680 1
3797 3797 1
5565 5565 1
4397 4397 1
 
4068 4068 1
3348 3348 1
3378 3378 1
2759 2759 1
3752 3752 1
5274 5274 1
3848 3848 1
3417 3417 1
3750 3750 1
4707 4707 1
3213 3213 1
3142 3142 1
4695 4695 1
5260 5260 1
5397 5397 1
4208 4208 1
3624 3624 1
5746 5746 1
4041 4041 1
3952 3952 1
4144 4144 1
3893 3893 1
4677 4677 1
4524 4524 1
3490 3490 1
 
4127 4127 1
3952 3952 1
3587 3587 1
5450 5450 1
3383 3383 1
3695 3695 1
3286 3286 1
3822 3822 1
5944 5944 1
4099 4099 1
4387 4387 1
4494 4494 1
4369 4369 1
3943 3943 1
3685 3685 1
4495 4495 1
4478 4478 1
4806 4806 1
5898 5898 1
4628 4628 1
3268 3268 1
4465 4465 1
4113 4113 1
4003 4003 1
4671 4671 1
 
6465 6465 1
6019 6019 1
4708 4708 1
4866 4866 1
4455 4455 1
5136 5136 1
4937 4937 1
4564 4564 1
3745 3745 1
5322 5322 1
5476 5476 1
3345 3345 1
4736 4736 1
4953 4953 1
6815 6815 1
5148 5148 1
5723 5723 1
3988 3988 1
3829 3829 1
4957 4957 1
4544 4544 1
4021 4021 1
4727 4727 1
7387 7387 1
4023 4023 1
 
4092 4092 1
5642 5642 1
4173 4173 1
3492 3492 1
7066 7066 1
4916 4916 1
3738 3738 1
4284 4284 1
6372 6372 1
4941 4941 1
6368 6368 1
5822 5822 1
5653 5653 1
4309 4309 1
4642 4642 1
4271 4271 1
4590 4590 1
3495 3495 1
5559 5559 1
4169 4169 1
4216 4216 1
5819 5819 1
5012 5012 1
4290 4290 1
5548 5548 1
 
4868 4868 1
5724 5724 1
5388 5388 1
4593 4593 1
4616 4616 1
5489 5489 1
5118 5118 1
5799 5799 1
5427 5427 1
5613 5613 1
4060 4060 1
4306 4306 1
4440 4440 1
6075 6075 1
5872 5872 1
6593 6593 1
5391 5391 1
5161 5161 1
5846 5846 1
6915 6915 1
7157 7157 1
5721 5721 1
3767 3767 1
5901 5901 1
4965 4965 1
 
6599 6599 1
4547 4547 1
6786 6786 1
5501 5501 1
4979 4979 1
4741 4741 1
5837 5837 1
5240 5240 1
7009 7009 1
5251 5251 1
5084 5084 1
5896 5896 1
3933 3933 1
4242 4242 1
4468 4468 1
5482 5482 1
4509 4509 1
6069 6069 1
5936 5936 1
4513 4513 1
6808 6808 1
5355 5355 1
6647 6647 1
6694 6694 1
7111 7111 1
 
4568 4568 1
6897 6897 1
4893 4893 1
5062 5062 1
6127 6127 1
5696 5696 1
4534 4534 1
5773 5773 1
5379 5379 1
5079 5079 1
4257 4257 1
6217 6217 1
5947 5947 1
5630 5630 1
5555 5555 1
6231 6231 1
4688 4688 1
3795 3795 1
3995 3995 1
4956 4956 1
4966 4966 1
5999 5999 1
4883 4883 1
6361 6361 1
5014 5014 1
 
6692 6692 1
5463 5463 1
7228 7228 1
5592 5592 1
6561 6561 1
6043 6043 1
6449 6449 1
4636 4636 1
5154 5154 1
7234 7234 1
6354 6354 1
5033 5033 1
8170 8170 1
5330 5330 1
5348 5348 1
6754 6754 1
6074 6074 1
4274 4274 1
6749 6749 1
7469 7469 1
5411 5411 1
7764 7764 1
6107 6107 1
5851 5851 1
5736 5736 1
 
5465 5465 1
4642 4642 1
4476 4476 1
6832 6832 1
7410 7410 1
5038 5038 1
6584 6584 1
6742 6742 1
4531 4531 1
7025 7025 1
7826 7826 1
4165 4165 1
5828 5828 1
6217 6217 1
8762 8762 1
7058 7058 1
8055 8055 1
7105 7105 1
6819 6819 1
5152 5152 1
6839 6839 1
4981 4981 1
4116 4116 1
7979 7979 1
7650 7650 1
 
7314 7314 1
7090 7090 1
5105 5105 1
5340 5340 1
6240 6240 1
6912 6912 1
6911 6911 1
6170 6170 1
5484 5484 1
7198 7198 1
8045 8045 1
5783 5783 1
6727 6727 1
8517 8517 1
6838 6838 1
5774 5774 1
7908 7908 1
7654 7654 1
5894 5894 1
7487 7487 1
7781 7781 1
7062 7062 1
7658 7658 1
5911 5911 1
5483 5483 1
 
8096 8096 1
6070 6070 1
6678 6678 1
5630 5630 1
6734 6734 1
7898 7898 1
6237 6237 1
5813 5813 1
5486 5486 1
5901 5901 1
6697 6697 1
6540 6540 1
5479 5479 1
8544 8544 1
6104 6104 1
5952 5952 1
4967 4967 1
6316 6316 1
8309 8309 1
6465 6465 1
6220 6220 1
7685 7685 1
6871 6871 1
6988 6988 1
6407 6407 1
 
7526 7526 1
6169 6169 1
8451 8451 1
7852 7852 1
7866 7866 1
6632 6632 1
6125 6125 1
9050 9050 1
7080 7080 1
8336 8336 1
9466 9466 1
5920 5920 1
6084 6084 1
6617 6617 1
5752 5752 1
8640 8640 1
5024 5024 1
6605 6605 1
7572 7572 1
5477 5477 1
8259 8259 1
5717 5717 1
7748 7748 1
7079 7079 1
6093 6093 1
 
7160 7160 1
7649 7649 1
10666 10666 1
9362 9362 1
5967 5967 1
9049 9049 1
8397 8397 1
7842 7842 1
10695 10695 1
6631 6631 1
7812 7812 1
6211 6211 1
8504 8504 1
9610 9610 1
6283 6283 1
8712 8712 1
7982 7982 1
8416 8416 1
6855 6855 1
6308 6308 1
8039 8039 1
7623 7623 1
7331 7331 1
5876 5876 1
7892 7892 1
 
9698 9698 1
8896 8896 1
8954 8954 1
7744 7744 1
7555 7555 1
6304 6304 1
8500 8500 1
7884 7884 1
6143 6143 1
8298 8298 1
8477 8477 1
5032 5032 1
8827 8827 1
8726 8726 1
8405 8405 1
10582 10582 1
8374 8374 1
10361 10361 1
7700 7700 1
8133 8133 1
8881 8881 1
6191 6191 1
8481 8481 1
8903 8903 1
5386 5386 1
 
7316 7316 1
7847 7847 1
7762 7762 1
6546 6546 1
6776 6776 1
6235 6235 1
8947 8947 1
8915 8915 1
8615 8615 1
6861 6861 1
10375 10375 1
7749 7749 1
8355 8355 1
7574 7574 1
7666 7666 1
8381 8381 1
7974 7974 1
6313 6313 1
9398 9398 1
6494 6494 1
8448 8448 1
7239 7239 1
9158 9158 1
7321 7321 1
6098 6098 1
 
7870 7870 1
8609 8609 1
6374 6374 1
7156 7156 1
8545 8545 1
10286 10286 1
11666 11666 1
9672 9672 1
7232 7232 1
9103 9103 1
6805 6805 1
10259 10259 1
10354 10354 1
6535 6535 1
8242 8242 1
6707 6707 1
7848 7848 1
6306 6306 1
9170 9170 1
7531 7531 1
8119 8119 1
8043 8043 1
11335 11335 1
6656 6656 1
9783 9783 1
 
8158 8158 1
8857 8857 1
7798 7798 1
7058 7058 1
8174 8174 1
8150 8150 1
7669 7669 1
8548 8548 1
5823 5823 1
9023 9023 1
8239 8239 1
10024 10024 1
9235 9235 1
8750 8750 1
6523 6523 1
7215 7215 1
7626 7626 1
9010 9010 1
6888 6888 1
7569 7569 1
9386 9386 1
10837 10837 1
7576 7576 1
8513 8513 1
7924 7924 1
 
9689 9689 1
7558 7558 1
10428 10428 1
6477 6477 1
8765 8765 1
10298 10298 1
8648 8648 1
8155 8155 1
7808 7808 1
7619 7619 1
7363 7363 1
8480 8480 1
9724 9724 1
11042 11042 1
7517 7517 1
9504 9504 1
11807 11807 1
6750 6750 1
8510 8510 1
10486 10486 1
8872 8872 1
8472 8472 1
11247 11247 1
8752 8752 1
8906 8906 1
 
2963 8181 0
3013 10266 0
2076 7740 0
3732 10123 0
4114 12243 0
3499 11984 0
2383 8919 0
2552 10853 0
2446 6939 0
3274 8357 0
2624 8150 0
3007 9350 0
2809 7522 0
2686 7119 0
2778 7806 0
2730 8110 0
2528 8234 0
3183 10206 0
3045 8404 0
2366 7126 0
2408 8384 0
2830 8658 0
2927 9981 0
2546 9780 0
2761 8910 0
 
1043 8880 0
1046 8078 0
1067 8927 0
1025 8638 0
983 8474 0
941 7283 0
885 6997 0
1157 9650 0
1015 8103 0
1271 9873 0
1163 9118 0
1064 9739 0
953 8477 0
1094 9853 0
1124 9255 0
1129 10631 0
1132 9666 0
1077 9062 0
1034 8572 0
1004 8977 0
1090 9164 0
780 6561 0
1273 9814 0
1083 8418 0
955 8895 0
 
===