412 425 0
354 370 0
432 455 0
491 494 0
415 420 0
383 396 0
389 401 0
405 421 0
484 489 0
454 466 0
338 347 0
289 323 0
510 514 0
324 350 0
373 395 0
343 376 0
400 412 0
420 428 0
384 403 0
465 466 0
376 398 0
479 490 0
489 499 0
438 445 0
426 455 0
 
434 479 0
522 568 0
421 458 0
366 413 0
504 543 0
473 511 0
416 437 0
425 450 0
405 444 0
574 607 0
317 392 0
388 440 0
371 415 0
428 469 0
429 472 0
448 483 0
464 497 0
415 461 0
274 314 0
426 465 0
444 487 0
560 595 0
357 417 0
309 365 0
406 456 0
 
295 434 0
339 537 0
308 416 0
433 552 0
444 541 0
385 491 0
257 387 0
413 555 0
356 483 0
362 516 0
284 389 0
328 470 0
233 382 0
247 361 0
291 428 0
401 528 0
388 486 0
275 392 0
244 353 0
266 379 0
479 592 0
359 488 0
298 424 0
284 374 0
227 341 0
 
322 581 0
368 593 0
230 475 0
242 444 0
290 535 0
145 319 0
290 568 0
206 414 0
302 585 0
319 568 0
300 515 0
163 369 0
224 454 0
190 390 0
310 548 0
205 408 0
530 812 0
323 569 0
235 460 0
267 453 0
222 435 0
153 345 0
253 485 0
191 402 0
227 506 0
 
===
