15004 15004 1
14632 14632 1
14819 14819 1
13569 13569 1
13448 13448 1
13308 13308 1
13371 13371 1
13225 13225 1
14305 14305 1
13600 13600 1
13492 13492 1
13581 13581 1
13318 13318 1
13317 13317 1
13342 13342 1
14771 14771 1
13270 13270 1
13340 13340 1
13303 13303 1
13375 13375 1
13429 13429 1
13220 13220 1
13328 13328 1
13243 13243 1
13538 13538 1
 
7764 15707 0
7810 15758 0
7937 15670 0
24620 45749 0
10849 20456 0
10383 20154 0
9682 17609 0
9706 16857 0
8784 15658 0
8906 15553 0
8350 15930 0
7431 15629 0
8338 16003 0
8445 15737 0
8198 15718 0
7795 15639 0
8690 17028 0
8950 15657 0
8112 15657 0
8113 15895 0
8105 15644 0
8298 15462 0
7844 16154 0
7766 15892 0
7960 15605 0
 
4453 16254 0
4354 16200 0
4160 16452 0
4656 15954 0
4640 16093 0
4833 16331 0
4688 16243 0
11647 37109 0
5188 18199 0
4740 17925 0
5971 20189 0
5656 18341 0
4789 16610 0
4902 16067 0
4897 16081 0
4658 16934 0
4728 16500 0
4596 16687 0
4765 16142 0
4495 16214 0
5105 17168 0
4490 16264 0
4656 16181 0
4163 16287 0
4258 16787 0
 
3423 16342 0
3576 16558 0
3265 16382 0
3317 16419 0
3145 16436 0
3520 16476 0
3388 16393 0
2992 16374 0
3706 18306 0
3350 16352 0
3312 16402 0
4171 20695 0
4109 18470 0
3808 18160 0
4014 19448 0
3422 16589 0
3474 16658 0
3279 16539 0
3078 16652 0
3462 16594 0
3231 16515 0
3244 16682 0
3332 16303 0
3229 16393 0
3473 16265 0
 
===
