3899 5269 0
2397 2986 0
3349 4122 0
3538 4205 0
2257 3150 0
2708 3240 0
2276 2995 0
2527 3057 0
2534 3118 0
1582 2109 0
2776 3690 0
1734 2327 0
1823 2625 0
2184 2543 0
1972 2894 0
1959 2669 0
2911 3683 0
2304 2842 0
3613 4302 0
3055 3989 0
2172 2853 0
3370 4040 0
3019 3881 0
3286 3759 0
3792 4346 0
 
253 2262 0
536 3818 0
439 3788 0
186 2300 0
376 4277 0
226 2034 0
344 3211 0
260 2726 0
312 2545 0
482 5106 0
420 3797 0
211 4021 0
614 4261 0
358 4343 0
353 2779 0
261 2466 0
371 3882 0
250 2939 0
467 4220 0
392 2889 0
332 3259 0
373 3878 0
234 2290 0
398 3548 0
329 3007 0
 
131 2061 0
182 2726 0
175 2985 0
240 3195 0
191 2481 0
205 3394 0
358 3227 0
154 2721 0
242 3672 0
169 2377 0
217 3435 0
251 3252 0
182 3021 0
165 2921 0
211 3277 0
221 2599 0
227 3080 0
129 2353 0
194 2913 0
272 3219 0
163 2360 0
196 2661 0
189 3618 0
169 3231 0
227 3050 0
 
121 2704 0
125 2456 0
142 2708 0
194 2760 0
105 2375 0
153 2980 0
186 2676 0
123 2247 0
160 2779 0
115 2219 0
142 2810 0
157 2786 0
184 2295 0
115 2568 0
128 2694 0
144 2534 0
191 2973 0
129 2553 0
108 2002 0
158 3022 0
225 2556 0
189 2890 0
147 2972 0
112 2407 0
163 2932 0
 
===
