8181 8181 1
10271 10271 1
7742 7742 1
6915 6915 1
9437 9439 0
11576 11576 1
8668 8668 1
10577 10577 1
6783 6783 1
8132 8132 1
7959 7959 1
9107 9107 1
7942 7942 1
6972 6972 1
7618 7618 1
7927 7927 1
8026 8026 1
10002 10002 1
8154 8154 1
7016 7016 1
7999 7999 1
8482 8482 1
9812 9812 1
9592 9592 1
8895 8895 1
 
1518 9152 0
1617 9031 0
1630 9864 0
1642 9439 0
1442 8580 0
1361 7265 0
1403 7333 0
1714 9703 0
1508 8399 0
1903 10438 0
1842 9653 0
1542 10011 0
1399 9013 0
1637 10585 0
1683 9553 0
1686 11454 0
1667 9744 0
1601 9176 0
1553 8879 0
1500 9194 0
1622 9498 0
1164 6554 0
1889 10188 0
1617 8853 0
1496 9312 0
 
775 7499 0
801 9332 0
962 9020 0
752 7599 0
768 7780 0
902 8343 0
839 8151 0
838 8531 0
960 8480 0
1058 9990 0
797 7453 0
736 7248 0
901 8505 0
829 8180 0
957 8842 0
1057 8856 0
873 9980 0
917 8176 0
860 7131 0
898 9339 0
1187 11358 0
821 9558 0
731 6825 0
852 8958 0
776 8414 0
 
740 8790 0
698 7048 0
692 7874 0
599 7850 0
687 9054 0
648 7688 0
651 8000 0
682 7890 0
684 8327 0
678 8450 0
620 7610 0
700 7712 0
556 7127 0
643 7781 0
589 6880 0
595 6309 0
584 7553 0
503 6743 0
648 7611 0
542 7346 0
649 7021 0
523 6805 0
544 6570 0
573 7677 0
523 6518 0
 
===
