635 719 0
1484 1560 0
721 779 0
1737 1737 1
2561 2561 1
487 487 1
1162 1373 0
705 757 0
593 593 1
777 898 0
232 356 0
112 199 0
1286 1286 1
494 494 1
132 229 0
190 240 0
299 359 0
564 564 1
180 232 0
400 528 0
1014 1014 1
246 300 0
915 921 0
1116 1306 0
560 661 0
 
1549 1650 0
1121 1168 0
7 318 0
1881 1947 0
1378 1679 0
742 1199 0
652 782 0
360 544 0
924 1089 0
1796 1796 1
116 440 0
1552 1632 0
820 872 0
1179 1227 0
1269 1358 0
407 529 0
896 999 0
1582 1653 0
1323 1375 0
408 513 0
706 815 0
1291 1351 0
440 817 0
710 821 0
1061 1290 0
 
1523 1685 0
1212 1321 0
2089 2296 0
2082 2214 0
971 1132 0
1325 1430 0
1874 2100 0
2805 2922 0
2003 2295 0
941 1046 0
990 1187 0
1263 1478 0
11 294 0
1118 1736 0
1535 1773 0
2105 2209 0
1272 1483 0
1773 1879 0
1324 1641 0
4347 4537 0
2719 2726 0
2137 2507 0
1598 1951 0
1248 1705 0
417 657 0
 
2359 2573 0
3409 3725 0
2290 2701 0
1210 1415 0
4183 4409 0
1716 1976 0
1649 2001 0
1277 1630 0
2819 3447 0
3509 4048 0
1629 2146 0
1193 1293 0
4780 5008 0
1349 1560 0
2098 2290 0
1880 3060 0
1943 2150 0
2871 3643 0
1772 2015 0
1911 2091 0
1329 1808 0
2956 3348 0
2418 2601 0
2115 2349 0
2994 3655 0
 
1389 1693 0
1868 2100 0
2160 3131 0
1657 1904 0
2103 2306 0
1022 1367 0
2197 2585 0
1902 2376 0
934 1656 0
1463 1640 0
1315 1598 0
2545 2809 0
2362 3119 0
1484 1721 0
1096 1367 0
508 724 0
2169 3203 0
2676 3084 0
2676 3078 0
2860 3187 0
1536 2117 0
2213 2639 0
3777 4151 0
193 902 0
803 1106 0
 
===
