106 209 0
147 269 0
223 286 0
158 215 0
232 336 0
222 292 0
209 382 0
121 177 0
128 186 0
237 303 0
261 348 0
193 264 0
593 707 0
124 183 0
157 237 0
209 305 0
719 764 0
671 720 0
375 475 0
255 312 0
197 244 0
163 264 0
215 284 0
531 588 0
113 166 0
 
8 369 0
8 297 0
46 582 0
329 424 0
377 488 0
314 461 0
205 442 0
141 545 0
114 479 0
11 242 0
192 295 0
7 267 0
127 230 0
1135 1429 0
6 262 0
7 289 0
117 451 0
6 253 0
509 860 0
6 263 0
7 253 0
154 252 0
9 381 0
10 296 0
7 276 0
 
132 467 0
13 644 0
126 591 0
22 798 0
8 261 0
16 567 0
215 581 0
156 465 0
171 448 0
184 477 0
235 610 0
46 700 0
1012 1320 0
178 481 0
16 700 0
247 384 0
122 470 0
782 1098 0
115 413 0
172 522 0
162 651 0
125 521 0
123 685 0
223 520 0
197 622 0
 
19 643 0
10 301 0
233 714 0
131 535 0
923 1592 0
356 804 0
488 1135 0
176 557 0
203 1247 0
217 963 0
15 702 0
202 556 0
15 651 0
15 661 0
15 675 0
450 958 0
477 778 0
139 522 0
15 572 0
11 280 0
10 300 0
116 428 0
185 743 0
543 819 0
473 916 0
 
290 1378 0
162 1077 0
144 757 0
222 555 0
14 467 0
120 805 0
278 740 0
134 783 0
420 953 0
114 378 0
592 1305 0
373 957 0
159 992 0
117 1011 0
1019 1471 0
304 807 0
231 1033 0
50 685 0
13 533 0
186 473 0
12 470 0
199 1091 0
16 508 0
749 1214 0
152 679 0
 
===
