697 697 1
2554 2554 1
1120 1120 1
771 771 1
982 982 1
516 516 1
1843 1843 1
1010 1010 1
1880 1882 0
1312 1312 1
2455 2458 0
1082 1083 0
2060 2060 1
881 881 1
1983 1983 1
1161 1161 1
1478 1478 1
1009 1009 1
745 745 1
865 865 1
1265 1265 1
798 798 1
1108 1108 1
1015 1015 1
1856 1856 1
 
1908 1915 0
2059 2059 1
2658 2659 0
2365 2380 0
2811 2859 0
1740 1740 1
2219 2236 0
2509 2528 0
3154 3162 0
2677 2683 0
1901 1901 1
2750 2763 0
3599 3602 0
2599 2600 0
2549 2554 0
2697 2700 0
1984 2038 0
2789 2796 0
3473 3482 0
2294 2299 0
1760 1761 0
1649 1649 1
1862 1862 1
2365 2383 0
2242 2242 1
 
2744 2747 0
3062 3069 0
5465 5508 0
1877 1884 0
3004 3018 0
3338 3349 0
3798 3800 0
4682 4736 0
2677 2687 0
4034 4047 0
3261 3262 0
2567 2571 0
2693 2696 0
3726 3750 0
3608 3609 0
2644 2644 1
3372 3403 0
2704 2704 1
2715 2759 0
4104 4106 0
2795 2828 0
3910 4009 0
2994 2994 1
2920 2934 0
3064 3077 0
 
3796 4359 0
3544 3842 0
3403 3546 0
3262 3411 0
4581 4821 0
3934 4523 0
5269 5855 0
4557 4756 0
2877 2992 0
3498 4113 0
4217 4699 0
3866 4256 0
3630 3807 0
4179 4606 0
3418 3427 0
3661 3842 0
3797 4355 0
4579 4924 0
5152 5221 0
4017 4180 0
5233 5702 0
3705 4143 0
3925 4098 0
4286 4773 0
4413 5128 0
 
426 3762 0
400 3824 0
337 3545 0
445 4824 0
300 3337 0
381 3667 0
271 3205 0
394 3806 0
373 5299 0
375 4107 0
316 4318 0
385 4497 0
388 4048 0
294 3829 0
366 3685 0
316 4387 0
496 4275 0
407 4491 0
462 5240 0
338 4334 0
266 3268 0
334 4411 0
431 3816 0
434 3872 0
506 4641 0
 
===
