164 441 0
178 495 0
143 425 0
154 420 0
208 487 0
188 465 0
203 518 0
141 387 0
248 655 0
146 392 0
190 484 0
193 465 0
186 479 0
169 463 0
122 390 0
147 427 0
147 412 0
191 497 0
193 507 0
197 489 0
210 500 0
201 535 0
180 486 0
120 371 0
205 529 0
 
104 484 0
93 448 0
120 509 0
113 462 0
117 542 0
110 460 0
91 383 0
91 390 0
98 451 0
108 495 0
115 450 0
106 475 0
157 615 0
98 457 0
132 492 0
90 398 0
101 442 0
109 508 0
114 486 0
118 482 0
131 513 0
146 597 0
98 414 0
118 460 0
100 441 0
 
114 573 0
107 512 0
103 531 0
104 519 0
94 484 0
131 624 0
128 629 0
137 621 0
132 613 0
118 613 0
123 630 0
119 591 0
86 480 0
107 559 0
117 571 0
113 560 0
100 515 0
105 568 0
114 534 0
134 621 0
105 504 0
89 534 0
127 583 0
100 523 0
104 553 0
 
105 619 0
94 548 0
95 565 0
105 633 0
124 697 0
131 729 0
95 564 0
102 574 0
86 486 0
124 712 0
124 660 0
111 643 0
147 808 0
124 744 0
139 792 0
134 744 0
88 505 0
118 678 0
123 667 0
147 848 0
129 688 0
116 675 0
111 649 0
93 570 0
114 617 0
 
===
