2788 30350 0
2935 29337 0
2729 30065 0
2522 25854 0
2620 25294 0
2507 25885 0
2362 25397 0
2733 29913 0
2366 25251 0
2404 26421 0
2182 25579 0
2392 25441 0
2370 26601 0
3104 32717 0
2922 33685 0
3065 34151 0
2427 27923 0
2396 26691 0
2541 26980 0
2202 25457 0
2354 26657 0
2628 25796 0
2349 26306 0
2674 26720 0
2530 25500 0
 
1638 20922 0
3476 42006 0
2105 26944 0
1754 22194 0
1649 22099 0
1443 19655 0
1604 21079 0
1622 19256 0
1472 19827 0
1586 20729 0
1755 20345 0
1602 20363 0
1691 20104 0
1679 20131 0
2221 25349 0
1959 23191 0
1748 21671 0
1981 25769 0
1588 19329 0
1743 21023 0
1537 18807 0
1494 20031 0
1792 19998 0
1524 19223 0
1449 19955 0
 
1811 21084 0
4124 48853 0
1731 19353 0
1667 20158 0
1629 19498 0
1458 17152 0
1427 17337 0
1491 17463 0
1430 17512 0
1369 16849 0
1498 17319 0
1581 18149 0
1984 24206 0
1807 21271 0
1734 19478 0
1412 19256 0
1427 17004 0
1510 16885 0
1333 17342 0
1721 18422 0
1521 17794 0
1385 17308 0
1485 17564 0
1346 16769 0
1599 20237 0
 
1561 18379 0
1506 18053 0
1380 15653 0
1411 16335 0
1257 15482 0
1348 16674 0
1395 16458 0
1204 14103 0
1381 16226 0
2550 29138 0
1511 19666 0
1622 19327 0
1405 15932 0
1306 15768 0
1390 16313 0
1250 14772 0
1453 16310 0
1359 15770 0
1223 14591 0
2327 27103 0
1586 18969 0
1672 20013 0
1717 20109 0
1395 16141 0
1490 15985 0
 
===
