433 5910 0
519 6777 0
407 5587 0
441 5628 0
481 6492 0
457 6711 0
462 6632 0
399 6408 0
401 6571 0
486 6090 0
417 5901 0
451 6348 0
405 5780 0
427 6197 0
451 6471 0
459 6013 0
420 5938 0
398 6300 0
355 5665 0
476 6550 0
520 6750 0
477 6485 0
380 5662 0
439 6402 0
477 6712 0
 
347 4760 0
412 4925 0
300 4201 0
341 4237 0
341 4660 0
267 4280 0
349 4553 0
306 4539 0
291 4614 0
286 4763 0
317 4676 0
241 4056 0
268 4383 0
288 4096 0
251 4062 0
300 4537 0
347 5021 0
327 4674 0
344 4783 0
286 4490 0
349 4994 0
329 4856 0
314 4751 0
324 5021 0
279 4096 0
 
277 3698 0
238 3420 0
262 3526 0
273 3700 0
267 3608 0
230 3410 0
230 3423 0
245 3292 0
290 3781 0
263 3591 0
266 3375 0
272 3478 0
243 3140 0
256 3521 0
232 3355 0
249 3360 0
251 3502 0
271 3403 0
236 3427 0
301 3994 0
264 3663 0
213 3098 0
259 3434 0
276 3462 0
241 3487 0
 
223 3183 0
223 3051 0
255 3511 0
242 3058 0
246 3308 0
275 3468 0
305 3415 0
232 3063 0
281 3528 0
270 3446 0
354 4280 0
253 3135 0
258 3147 0
260 3288 0
252 3052 0
293 3544 0
267 3395 0
255 3109 0
286 3744 0
286 3260 0
267 3378 0
280 3064 0
244 3296 0
256 3295 0
239 3268 0
 
===
