111 2310 0
94 2261 0
106 2175 0
141 2373 0
105 2216 0
100 2338 0
111 2265 0
111 1964 0
158 2365 0
92 2288 0
113 2345 0
79 1713 0
174 2348 0
157 2090 0
104 2355 0
109 2461 0
104 2134 0
119 2232 0
156 2186 0
178 2582 0
157 2354 0
133 2247 0
110 2186 0
134 2402 0
128 2611 0
 
94 1530 0
87 1625 0
104 1647 0
77 1508 0
125 1656 0
105 1539 0
123 1752 0
103 1746 0
82 1722 0
115 1552 0
86 1524 0
113 1652 0
109 1752 0
93 1734 0
111 1552 0
75 1613 0
91 1523 0
111 1649 0
82 1620 0
84 1412 0
95 1633 0
89 1636 0
85 1622 0
76 1507 0
118 1862 0
 
105 1287 0
93 1349 0
122 1304 0
121 1290 0
89 1277 0
94 1422 0
89 1265 0
73 1252 0
90 1277 0
79 1262 0
101 1279 0
108 1363 0
63 1174 0
82 1337 0
79 1187 0
76 1176 0
88 1269 0
76 1253 0
71 1252 0
98 1349 0
79 1259 0
86 1340 0
76 1256 0
84 1333 0
87 1267 0
 
103 1178 0
90 1223 0
63 1077 0
77 1092 0
86 1162 0
78 1163 0
68 1079 0
95 1110 0
81 1159 0
90 1109 0
67 1144 0
85 1164 0
83 1164 0
96 1172 0
71 1143 0
111 1184 0
66 1142 0
75 1093 0
88 1169 0
73 1149 0
124 1141 0
88 1045 0
83 1213 0
92 1271 0
100 1268 0
 
===
