195 195 1
126 126 1
912 912 1
123 123 1
119 119 1
246 246 1
717 717 1
114 114 1
139 139 1
116 116 1
129 129 1
156 156 1
134 134 1
103 103 1
105 105 1
136 136 1
297 297 1
259 259 1
259 259 1
220 220 1
154 154 1
147 147 1
347 347 1
347 347 1
273 273 1
 
437 437 1
1003 1003 1
259 259 1
134 134 1
325 325 1
211 211 1
503 503 1
503 503 1
166 166 1
138 138 1
136 136 1
241 241 1
159 159 1
297 297 1
288 288 1
141 141 1
503 503 1
437 437 1
195 195 1
178 178 1
558 558 1
591 591 1
403 403 1
306 306 1
315 315 1
 
330 330 1
448 448 1
235 235 1
301 301 1
773 774 0
195 195 1
325 325 1
420 420 1
106 106 1
175 175 1
431 431 1
669 669 1
188 188 1
246 246 1
108 108 1
126 126 1
373 373 1
159 159 1
319 319 1
403 403 1
717 717 1
315 315 1
172 172 1
108 108 1
565 565 1
 
407 409 0
234 234 1
596 596 1
775 776 0
1025 1025 1
672 672 1
562 562 1
401 401 1
1218 1218 1
501 501 1
928 928 1
916 916 1
622 622 1
447 447 1
161 161 1
466 466 1
312 312 1
252 252 1
613 613 1
120 120 1
237 237 1
444 444 1
358 358 1
334 334 1
1120 1120 1
 
816 816 1
672 672 1
267 267 1
218 218 1
684 684 1
448 449 0
877 878 0
207 207 1
250 250 1
249 249 1
276 276 1
988 988 1
581 581 1
494 494 1
602 602 1
432 432 1
258 258 1
1053 1053 1
359 359 1
1062 1067 0
350 350 1
985 985 1
853 853 1
453 453 1
609 609 1
 
1081 1081 1
673 673 1
685 685 1
448 448 1
921 921 1
215 215 1
792 792 1
625 625 1
325 327 0
403 403 1
747 748 0
238 238 1
709 709 1
1129 1142 0
624 624 1
423 423 1
622 622 1
269 269 1
909 909 1
609 609 1
890 890 1
1433 1441 0
1087 1091 0
678 678 1
1466 1466 1
 
918 918 1
563 567 0
861 861 1
702 702 1
691 691 1
713 713 1
624 624 1
512 517 0
1491 1491 1
452 452 1
1074 1074 1
489 489 1
758 758 1
750 750 1
397 397 1
479 479 1
592 593 0
1226 1226 1
787 787 1
625 625 1
849 849 1
1179 1179 1
524 524 1
1282 1282 1
626 626 1
 
1419 1420 0
1125 1125 1
1051 1052 0
496 497 0
660 661 0
418 419 0
512 513 0
430 430 1
592 598 0
454 454 1
703 703 1
445 445 1
1007 1007 1
480 480 1
508 509 0
396 396 1
559 560 0
1501 1502 0
1250 1250 1
586 587 0
2038 2039 0
479 480 0
1516 1516 1
1220 1263 0
686 687 0
 
723 723 1
1175 1175 1
814 814 1
764 764 1
1318 1318 1
1041 1041 1
838 844 0
719 719 1
536 536 1
1195 1195 1
485 485 1
502 502 1
522 522 1
733 735 0
815 815 1
2246 2250 0
1072 1072 1
381 381 1
1036 1036 1
1437 1437 1
755 764 0
755 758 0
946 946 1
1377 1378 0
1057 1057 1
 
1489 1489 1
1713 1713 1
1307 1307 1
758 758 1
1308 1308 1
937 937 1
916 916 1
994 994 1
981 981 1
1126 1126 1
794 794 1
1203 1203 1
916 916 1
1665 1665 1
1214 1215 0
1284 1288 0
795 795 1
449 451 0
1920 1957 0
796 800 0
1384 1384 1
746 746 1
1549 1549 1
1245 1247 0
1089 1089 1
 
797 798 0
845 848 0
1610 1618 0
1092 1092 1
912 916 0
852 853 0
1904 1905 0
496 497 0
1278 1278 1
916 919 0
1595 1595 1
1522 1526 0
1059 1059 1
1322 1322 1
1004 1004 1
768 768 1
843 849 0
766 769 0
1571 1571 1
660 663 0
743 743 1
1110 1111 0
759 763 0
920 920 1
800 800 1
 
999 1001 0
1025 1026 0
744 746 0
1119 1125 0
1262 1264 0
1669 1669 1
994 996 0
1094 1095 0
1279 1281 0
2117 2126 0
943 944 0
1249 1249 1
808 808 1
697 697 1
650 654 0
826 826 1
729 735 0
1213 1219 0
730 730 1
942 942 1
892 897 0
1481 1481 1
837 837 1
1712 1714 0
900 900 1
 
1723 1723 1
1848 1851 0
1551 1551 1
2015 2021 0
837 838 0
879 879 1
1193 1200 0
1470 1470 1
1498 1500 0
1696 1696 1
773 773 1
946 946 1
1256 1270 0
1241 1242 0
791 791 1
3247 3247 1
1066 1066 1
1115 1115 1
1082 1087 0
1091 1093 0
854 856 0
1313 1313 1
1942 1943 0
1152 1156 0
1347 1347 1
 
1353 1356 0
2651 2651 1
681 681 1
1073 1073 1
1403 1403 1
1372 1372 1
1131 1131 1
1359 1359 1
1300 1301 0
1569 1573 0
835 835 1
1599 1604 0
1318 1318 1
1297 1299 0
1928 1928 1
1926 1926 1
1980 1980 1
2024 2028 0
1024 1027 0
975 978 0
961 962 0
2204 2204 1
1906 1906 1
1596 1601 0
2347 2347 1
 
1256 1258 0
1361 1365 0
953 956 0
947 947 1
1622 1625 0
2066 2070 0
894 903 0
1458 1461 0
1218 1238 0
914 914 1
1032 1032 1
1828 1828 1
922 922 1
2208 2210 0
2143 2143 1
1733 1737 0
1666 1666 1
2239 2242 0
1868 1868 1
1601 1604 0
988 989 0
1774 1776 0
1742 1742 1
822 822 1
899 906 0
 
2232 2235 0
1048 1050 0
1328 1331 0
1676 1676 1
1329 1329 1
1958 1960 0
1236 1236 1
2153 2154 0
1592 1592 1
1084 1086 0
1458 1458 1
1846 1846 1
1358 1364 0
1417 1417 1
890 890 1
1659 1659 1
1009 1009 1
2034 2035 0
1087 1090 0
1060 1062 0
1332 1335 0
2129 2129 1
977 978 0
1084 1086 0
931 934 0
 
2526 2526 1
2093 2093 1
1479 1479 1
1259 1263 0
914 916 0
1583 1583 1
1807 1807 1
1042 1043 0
1642 1646 0
1939 1953 0
1663 1663 1
1746 1748 0
2055 2055 1
1309 1309 1
2562 2562 1
2152 2154 0
1283 1285 0
2065 2072 0
2151 2152 0
1864 1869 0
927 927 1
2582 2605 0
1467 1467 1
2044 2058 0
1196 1196 1
 
1925 1928 0
1317 1319 0
1333 1340 0
2061 2061 1
1902 1905 0
1722 1725 0
1312 1312 1
1309 1313 0
2144 2144 1
2134 2138 0
1796 1796 1
1482 1483 0
2363 2371 0
1774 1775 0
1549 1549 1
1253 1253 1
1419 1427 0
1258 1258 1
1256 1258 0
1027 1031 0
1384 1384 1
1932 1933 0
1583 1588 0
1328 1328 1
2032 2034 0
 
1911 1921 0
1999 1999 1
1261 1264 0
1933 1933 1
1496 1498 0
1666 1669 0
2050 2052 0
2090 2090 1
1063 1066 0
1308 1315 0
2058 2061 0
1317 1317 1
1269 1270 0
1612 1613 0
1729 1732 0
2331 2331 1
1886 1886 1
2358 2362 0
2240 2245 0
1148 1154 0
2013 2013 1
1415 1421 0
2003 2007 0
1764 1766 0
1993 1999 0
 
2464 2464 1
3333 3350 0
1974 1977 0
1779 1789 0
1961 1966 0
2137 2149 0
2274 2274 1
1195 1196 0
1575 1575 1
1998 1999 0
1963 1967 0
1363 1363 1
1334 1340 0
2264 2266 0
1231 1231 1
1325 1325 1
3638 3638 1
2013 2013 1
2168 2172 0
1565 1568 0
2497 2497 1
2007 2007 1
1952 1956 0
2290 2291 0
2589 2591 0
 
1516 1520 0
1667 1671 0
2689 2716 0
1792 1792 1
3352 3362 0
2071 2083 0
1697 1699 0
2036 2037 0
1230 1241 0
2186 2194 0
1334 1338 0
2560 2560 1
1431 1431 1
1521 1524 0
1797 1809 0
1726 1729 0
1540 1550 0
2020 2021 0
2863 2863 1
1228 1234 0
1790 1793 0
2553 2557 0
1497 1504 0
1935 1935 1
1705 1709 0
 
2326 2328 0
3516 3518 0
2948 2953 0
1543 1544 0
2529 2536 0
3033 3033 1
2526 2541 0
2231 2235 0
2842 2851 0
2072 2073 0
2384 2405 0
1060 1065 0
2715 2724 0
1969 1971 0
2285 2288 0
3021 3023 0
2072 2074 0
1205 1208 0
1814 1830 0
2209 2211 0
2179 2192 0
3409 3453 0
1311 1312 0
1737 1747 0
1859 1872 0
 
2176 2176 1
1536 1537 0
4808 4811 0
2115 2116 0
2579 2579 1
2219 2238 0
2537 2549 0
2077 2087 0
2450 2453 0
1694 1695 0
2010 2014 0
1467 1469 0
1840 1840 1
2208 2231 0
1415 1415 1
1948 1968 0
1502 1507 0
1152 1156 0
2934 2939 0
2506 2510 0
1418 1422 0
2188 2188 1
1719 1730 0
1180 1184 0
2061 2064 0
 
1349 1349 1
1897 1906 0
1746 1749 0
2866 2871 0
1633 1641 0
2091 2097 0
2251 2251 1
2671 2676 0
2429 2429 1
2954 2957 0
1406 1406 1
1269 1269 1
2215 2222 0
2648 2667 0
2121 2121 1
2407 2412 0
2617 2617 1
2510 2510 1
3292 3294 0
2848 2848 1
2006 2011 0
2807 2831 0
2356 2365 0
3045 3071 0
1909 1916 0
 
2571 2586 0
2533 2535 0
2710 2710 1
1679 1683 0
1959 1965 0
2679 2690 0
2800 2806 0
2334 2334 1
2899 2904 0
2500 2502 0
2520 2521 0
1978 1978 1
1929 1935 0
2373 2376 0
1962 1962 1
1917 1918 0
1570 1570 1
2147 2155 0
3082 3082 1
1815 1829 0
2481 2503 0
2789 2792 0
2243 2256 0
2020 2027 0
3107 3120 0
 
1914 1920 0
1880 1882 0
2176 2186 0
3391 3415 0
2847 2848 0
2278 2279 0
2981 2981 1
3981 3981 1
2759 2761 0
1617 1627 0
2539 2545 0
2125 2127 0
2297 2298 0
2331 2331 1
2822 2822 1
2297 2302 0
1714 1721 0
2524 2524 1
2132 2132 1
2928 2928 1
3213 3241 0
2597 2600 0
3605 3623 0
2732 2733 0
1781 1792 0
 
3037 3037 1
2938 2944 0
2477 2481 0
3771 3789 0
1797 1800 0
2845 2848 0
1612 1623 0
2219 2228 0
1538 1553 0
2056 2060 0
1738 1752 0
3111 3112 0
3531 3531 1
2333 2333 1
2423 2423 1
3238 3245 0
3000 3017 0
2002 2006 0
3440 3451 0
2369 2370 0
4841 4846 0
1942 1944 0
2194 2202 0
1453 1460 0
1832 1836 0
 
2958 2960 0
2546 2546 1
3311 3331 0
4104 4104 1
1955 1966 0
1876 1881 0
2326 2326 1
2704 2707 0
2956 2966 0
2817 2819 0
1857 1886 0
2219 2237 0
3235 3239 0
3158 3166 0
2141 2153 0
2087 2110 0
2903 2915 0
2092 2098 0
2916 2949 0
2823 2831 0
2421 2440 0
2574 2578 0
2416 2427 0
2421 2426 0
1911 1931 0
 
3459 3497 0
2394 2416 0
3048 3080 0
3267 3269 0
3721 3752 0
2664 2707 0
3253 3296 0
2446 2455 0
2442 2445 0
2440 2457 0
1958 1982 0
3145 3149 0
2628 2643 0
2292 2296 0
3301 3310 0
1548 1596 0
2027 2054 0
2722 2725 0
2885 2899 0
3139 3156 0
2514 2523 0
2746 2751 0
3820 3825 0
1610 1615 0
2155 2165 0
 
2376 2422 0
2950 2966 0
3227 3259 0
2943 2964 0
3000 3080 0
2346 2372 0
2573 2597 0
2111 2121 0
3061 3093 0
2392 2428 0
3922 3942 0
2632 2679 0
2151 2179 0
2004 2034 0
2055 2062 0
3032 3037 0
3173 3191 0
2603 2628 0
2520 2565 0
2981 2989 0
3792 3899 0
1688 1746 0
2710 2757 0
2908 2921 0
3334 3346 0
 
3525 3558 0
2997 3006 0
2199 2210 0
3530 3601 0
1910 2030 0
1864 1972 0
2818 2860 0
3748 3846 0
2501 2564 0
3407 3449 0
2843 2903 0
2478 2496 0
2315 2367 0
3398 3489 0
2116 2201 0
2295 2343 0
3366 3385 0
2123 2218 0
3244 3260 0
2856 2870 0
3871 3906 0
3462 3543 0
5122 5168 0
2882 3044 0
2667 2683 0
 
1838 1918 0
2148 2233 0
2358 2691 0
2950 2995 0
3108 3264 0
1916 2049 0
2558 2673 0
2586 2649 0
2437 2610 0
2960 2989 0
2871 3023 0
2109 2205 0
2580 2726 0
3084 3168 0
2812 3149 0
2437 2581 0
2242 2434 0
3928 4040 0
2795 2855 0
2373 2465 0
3598 3779 0
2125 2222 0
3930 4082 0
3661 3730 0
3102 3136 0
 
2625 2825 0
2979 3085 0
2268 2507 0
2473 2657 0
2383 2749 0
2551 2774 0
2133 2322 0
5188 5732 0
3093 3478 0
2745 3122 0
2337 2421 0
3818 4043 0
4292 4454 0
4419 4738 0
2645 2832 0
3260 3509 0
2321 2497 0
2393 2607 0
2177 2470 0
2373 2603 0
3531 3795 0
3060 3430 0
2948 3330 0
2582 2905 0
2956 3295 0
 
0 0 0
0 0 0
0 0 0
0 0 0
0 0 0
0 0 0
0 0 0
0 0 0
0 0 0
0 0 0
0 0 0
0 0 0
0 0 0
0 0 0
0 0 0
0 0 0
0 0 0
0 0 0
0 0 0
0 0 0
0 0 0
0 0 0
0 0 0
0 0 0
0 0 0
 
===
