868 868 1
942 942 1
1113 1113 1
813 813 1
1212 1212 1
650 650 1
1842 1842 1
782 782 1
1681 1681 1
963 963 1
980 980 1
982 982 1
1805 1805 1
1575 1576 0
674 674 1
849 849 1
982 982 1
648 648 1
1061 1061 1
844 844 1
1035 1035 1
1068 1068 1
1071 1071 1
827 827 1
575 575 1
 
2700 2702 0
1629 1629 1
1969 1969 1
1770 1770 1
2508 2508 1
2925 2925 1
2573 2573 1
3083 3084 0
2277 2277 1
1652 1652 1
2178 2178 1
1773 1773 1
1187 1187 1
1378 1378 1
1084 1084 1
1404 1404 1
1589 1589 1
2219 2219 1
2415 2416 0
1893 1893 1
2271 2271 1
2055 2055 1
3733 3733 1
1705 1705 1
1643 1643 1
 
4159 4159 1
4186 4186 1
3424 3424 1
4221 4221 1
4124 4124 1
2538 2538 1
3263 3263 1
3609 3610 0
5939 5939 1
2480 2480 1
2767 2767 1
3348 3348 1
2936 2936 1
4740 4740 1
2294 2295 0
2280 2280 1
3562 3562 1
3763 3764 0
4868 4868 1
3681 3681 1
2977 2977 1
3037 3037 1
2576 2576 1
2545 2545 1
5228 5228 1
 
2839 2839 1
3400 3402 0
5166 5166 1
3551 3552 0
4255 4255 1
3053 3053 1
4936 4936 1
3733 3733 1
4251 4251 1
3487 3487 1
4679 4679 1
4590 4590 1
3825 3825 1
6215 6215 1
4098 4098 1
3635 3635 1
3590 3590 1
4731 4731 1
6149 6149 1
5716 5716 1
4044 4044 1
7823 7823 1
3871 3871 1
3611 3616 0
3667 3667 1
 
6064 6064 1
4544 4544 1
5390 5390 1
6868 6871 0
6315 6320 0
5382 5383 0
7873 7873 1
4462 4462 1
5683 5683 1
5931 5931 1
4360 4360 1
3856 3856 1
6386 6386 1
6277 6277 1
6977 6977 1
6095 6095 1
4997 4997 1
6159 6159 1
5356 5358 0
5035 5035 1
5316 5316 1
6593 6593 1
6606 6606 1
5356 5356 1
4432 4432 1
 
6712 6712 1
6201 6201 1
7154 7154 1
6259 6259 1
7425 7425 1
8302 8302 1
6752 6752 1
10498 10498 1
9191 9191 1
9714 9714 1
6790 6790 1
6334 6334 1
8892 8892 1
7545 7545 1
4872 4872 1
7203 7203 1
9820 9820 1
6979 6979 1
7923 7923 1
8901 8901 1
8373 8373 1
8815 8815 1
9762 9762 1
5702 5702 1
8022 8022 1
 
6842 6842 1
11281 11281 1
9140 9140 1
7602 7602 1
7364 7364 1
7240 7240 1
9188 9188 1
9084 9090 0
9064 9064 1
9906 9918 0
6322 6322 1
9942 9942 1
8247 8247 1
8757 8757 1
7224 7224 1
8101 8101 1
8442 8442 1
9614 9614 1
10590 10590 1
8957 8957 1
6897 6897 1
8155 8155 1
8602 8602 1
8974 8974 1
6489 6489 1
 
9944 9944 1
8589 8589 1
8334 8334 1
10220 10220 1
9021 9022 0
8252 8252 1
7688 7688 1
9909 9909 1
8139 8139 1
11149 11149 1
11542 11542 1
9759 9767 0
9330 9344 0
11564 11568 0
10002 10004 0
9594 9594 1
9331 9333 0
8982 8982 1
10446 10446 1
10325 10325 1
8357 8359 0
8333 8333 1
8528 8528 1
8339 8339 1
8891 8891 1
 
12148 12148 1
16046 16046 1
12297 12297 1
12160 12160 1
11051 11051 1
21149 21149 1
10876 10876 1
14951 14951 1
10609 10609 1
11350 11350 1
15703 15703 1
15631 15631 1
10567 10567 1
13414 13414 1
11263 11263 1
12811 12811 1
11255 11255 1
11121 11121 1
12221 12221 1
9602 9602 1
13523 13536 0
9850 9850 1
12814 12814 1
10325 10325 1
11608 11608 1
 
11274 11274 1
13072 13072 1
14078 14078 1
12418 12418 1
16036 16036 1
13354 13354 1
13364 13370 0
11515 11515 1
11844 11844 1
14672 14672 1
12073 12075 0
11589 11589 1
12394 12394 1
12554 12554 1
10776 10776 1
13276 13276 1
14737 14737 1
13266 13266 1
17305 17305 1
10323 10323 1
11209 11209 1
13360 13360 1
13375 13375 1
11211 11211 1
11744 11744 1
 
13735 13735 1
13999 14001 0
14413 14413 1
14321 14321 1
13675 13675 1
18423 18423 1
15286 15286 1
14137 14137 1
12100 12100 1
14909 14909 1
18200 18200 1
10473 10473 1
15707 15707 1
18411 18411 1
14892 14895 0
17014 17014 1
13045 13045 1
14893 14908 0
12753 12753 1
15131 15133 0
13150 13150 1
14455 14457 0
11704 11704 1
14974 14974 1
12030 12031 0
 
14934 14934 1
13286 13286 1
15019 15019 1
15713 15728 0
16973 16973 1
15827 15827 1
14596 14596 1
13090 13090 1
13194 13194 1
18720 18720 1
14366 14366 1
15765 15765 1
15624 15624 1
13693 13693 1
14144 14159 0
16775 16775 1
15859 15859 1
15689 15689 1
13671 13671 1
15970 15970 1
17202 17202 1
16290 16290 1
17727 17727 1
22280 22280 1
14400 14400 1
 
16530 16530 1
17390 17390 1
15895 15895 1
19268 19268 1
21475 21475 1
17130 17130 1
22380 22380 1
21461 21461 1
18681 18688 0
15071 15071 1
16714 16714 1
15435 15435 1
16542 16542 1
14962 14962 1
15283 15283 1
18406 18406 1
16911 16911 1
16054 16054 1
16325 16325 1
16671 16691 0
18098 18098 1
16786 16786 1
16384 16384 1
19335 19335 1
18953 18957 0
 
24607 24615 0
18063 18063 1
18336 18340 0
14701 14701 1
17623 17624 0
15203 15204 0
19373 19373 1
16152 16152 1
16079 16079 1
21497 21498 0
26288 26288 1
22729 22729 1
20389 20389 1
20978 20978 1
18371 18371 1
24746 24747 0
18782 18788 0
19533 19533 1
21852 21852 1
23035 23035 1
17716 17716 1
18460 18460 1
18755 18755 1
18952 18952 1
18180 18180 1
 
15681 15681 1
18453 18453 1
15982 15982 1
19930 19931 0
16387 16387 1
16928 16928 1
20980 20991 0
21084 21094 0
17583 17583 1
17550 17563 0
18691 18691 1
16527 16527 1
19381 19381 1
16999 16999 1
21888 21888 1
21016 21016 1
17042 17042 1
20315 20315 1
21331 21331 1
48926 48926 1
21158 21173 0
22658 22663 0
21419 21433 0
19125 19125 1
21169 21172 0
 
19618 19618 1
22340 22340 1
17869 17869 1
21862 21862 1
16113 16116 0
22907 22907 1
19290 19301 0
19833 19833 1
20821 20821 1
19584 19591 0
21374 21374 1
22342 22342 1
23334 23360 0
21224 21233 0
22226 22232 0
20448 20449 0
17883 17891 0
17483 17494 0
20715 20715 1
23177 23182 0
19063 19063 1
23240 23240 1
22358 22358 1
17241 17241 1
19785 19785 1
 
32266 32266 1
25135 25135 1
22455 22455 1
24883 24912 0
28382 28382 1
20981 21023 0
21785 21785 1
27310 27313 0
25087 25093 0
22448 22449 0
21339 21342 0
20404 20405 0
23639 23639 1
25346 25382 0
21023 21023 1
21649 21652 0
21356 21365 0
26640 26653 0
18000 18000 1
22353 22369 0
22432 22450 0
23785 23797 0
21942 21957 0
21389 21426 0
24440 24461 0
 
19360 19363 0
19971 19971 1
22445 22447 0
21316 21316 1
33832 33832 1
28111 28122 0
27843 27844 0
27681 27713 0
23752 23752 1
30382 30382 1
21353 21353 1
26490 26490 1
23042 23042 1
25961 25961 1
24735 24735 1
20992 20992 1
20044 20044 1
21651 21651 1
21474 21474 1
27991 27991 1
24801 24801 1
19857 19860 0
21412 21414 0
25472 25472 1
25435 25435 1
 
21909 21909 1
21327 21327 1
23372 23372 1
25588 25593 0
21160 21160 1
25264 25299 0
41848 41848 1
25752 25752 1
25730 25730 1
24931 24942 0
30201 30201 1
25570 25577 0
23625 23625 1
26780 26780 1
27381 27439 0
25211 25211 1
24328 24328 1
22909 22928 0
25737 25737 1
21690 21690 1
22537 22544 0
27480 27506 0
23861 23869 0
20789 20795 0
24077 24077 1
 
27839 27839 1
26720 26725 0
27687 27687 1
23477 23481 0
27114 27117 0
27407 27440 0
22573 22604 0
51235 51258 0
24893 24894 0
25613 25613 1
25722 25722 1
29639 29666 0
28699 28699 1
27706 27707 0
23962 23962 1
30164 30171 0
27883 27911 0
19303 19303 1
27204 27211 0
32542 32553 0
23138 23138 1
26014 26014 1
22988 22991 0
23963 23963 1
23061 23061 1
 
26154 26154 1
22483 22483 1
25259 25262 0
30480 30480 1
24835 24835 1
28186 28194 0
27057 27060 0
25580 25604 0
36505 36515 0
39456 39456 1
30900 30915 0
25027 25027 1
31240 31244 0
28243 28264 0
29224 29238 0
26141 26143 0
28138 28138 1
27633 27660 0
26124 26124 1
28120 28120 1
24709 24709 1
26415 26415 1
27870 27888 0
29553 29560 0
28177 28199 0
 
32327 32327 1
30486 30486 1
28082 28082 1
27525 27528 0
27332 27332 1
36969 36969 1
37229 37229 1
30248 30291 0
26839 26871 0
32766 32776 0
32349 32364 0
32505 32505 1
28374 28384 0
30233 30257 0
34209 34240 0
33133 33141 0
32768 32776 0
23801 23828 0
29332 29335 0
29681 29687 0
27650 27664 0
31678 31697 0
24688 24719 0
32420 32436 0
30077 30083 0
 
31404 31406 0
30019 30029 0
69637 69637 1
36110 36124 0
30640 30659 0
35539 35543 0
30321 30321 1
32389 32397 0
32516 32534 0
33992 33992 1
31889 31889 1
27396 27410 0
32425 32426 0
26201 26205 0
28147 28147 1
32778 32868 0
28297 28311 0
26336 26336 1
32044 32069 0
28504 28511 0
27165 27165 1
29859 29859 1
37133 37185 0
27041 27043 0
82162 82162 1
 
36012 36054 0
29169 29196 0
33128 33131 0
31596 31604 0
38728 38735 0
29703 29724 0
26391 26399 0
33809 33825 0
24685 24705 0
27854 27876 0
30610 30611 0
29639 29642 0
30372 30388 0
29749 29766 0
35684 35684 1
30034 30052 0
28334 28357 0
32569 32569 1
32696 32698 0
29751 29789 0
67821 67887 0
29540 29573 0
35012 35063 0
30142 30142 1
31119 31133 0
 
33752 33793 0
33009 33016 0
33131 33133 0
28418 28418 1
35306 35306 1
32803 32803 1
32511 32543 0
36350 36352 0
32716 32731 0
33786 33808 0
37077 37142 0
32787 32787 1
31521 31555 0
31297 31297 1
34912 34921 0
63065 63065 1
37422 37441 0
38785 38785 1
35762 35762 1
32666 32679 0
38892 38899 0
27258 27261 0
30560 30575 0
39448 39453 0
32392 32392 1
 
32617 32663 0
28790 28794 0
32129 32155 0
36092 36106 0
33975 34087 0
33259 33268 0
34337 34337 1
38736 38760 0
32667 32734 0
40534 40545 0
38256 38258 0
45455 45484 0
39691 39743 0
42035 42061 0
41136 41153 0
33958 33990 0
40989 40991 0
36428 36451 0
35559 35601 0
32065 32068 0
34370 34393 0
33676 33724 0
36597 36598 0
32074 32083 0
31590 31603 0
 
29561 29561 1
36487 36527 0
37295 37341 0
30072 30072 1
39273 39283 0
50765 50809 0
36321 36351 0
38794 38800 0
35680 35724 0
34660 34661 0
32557 32560 0
33217 33218 0
36525 36525 1
34131 34164 0
34343 34377 0
35560 35591 0
36420 36471 0
33920 33958 0
39754 39754 1
35657 35682 0
31976 32002 0
37766 37766 1
76451 76451 1
37165 37222 0
44482 44497 0
 
39130 39134 0
41336 41360 0
36148 36153 0
37773 37788 0
38156 38164 0
35240 35277 0
38551 38586 0
35746 35748 0
34981 35031 0
40946 40992 0
29740 29744 0
36760 36766 0
39131 39169 0
32447 32461 0
33726 33819 0
43853 43872 0
52285 52294 0
38282 38318 0
36000 36014 0
33405 33421 0
40170 40185 0
31648 31699 0
35489 35517 0
38116 38129 0
39685 39711 0
 
37728 37755 0
37141 37238 0
34108 34131 0
36146 36211 0
36672 36724 0
38662 38662 1
39086 39114 0
36311 36334 0
89280 89360 0
42946 42962 0
41403 41417 0
43437 43445 0
44089 44092 0
38217 38222 0
36625 36625 1
34976 34983 0
35848 35860 0
37524 37550 0
36399 36450 0
39581 39612 0
37098 37121 0
39761 39769 0
39694 39726 0
41326 41326 1
38437 38437 1
 
97662 97683 0
48775 48827 0
49107 49108 0
41682 41713 0
44941 45004 0
35550 35579 0
43784 43796 0
41172 41229 0
36848 36852 0
38236 38260 0
38513 38513 1
40475 40494 0
37310 37322 0
41959 41961 0
39893 39917 0
37046 37080 0
36496 36537 0
44021 44021 1
52064 52182 0
40761 40812 0
45104 45111 0
43314 43345 0
37888 37893 0
35192 35197 0
35894 35895 0
 
43855 43861 0
36413 36413 1
48342 48349 0
44826 44891 0
40637 40666 0
34872 34947 0
42863 42890 0
42000 42000 1
64939 65014 0
46562 46598 0
48253 48284 0
51601 51680 0
40449 40471 0
41015 41067 0
39853 39853 1
40690 40718 0
43280 43284 0
37902 37964 0
42359 42375 0
38146 38207 0
38298 38315 0
39535 39587 0
39121 39121 1
45772 45781 0
113493 113584 0
 
58195 58215 0
42519 42591 0
47672 47713 0
49993 50037 0
43786 43797 0
41960 42013 0
38820 38860 0
39292 39327 0
41128 41164 0
37562 37562 1
44301 44311 0
39586 39586 1
41520 41532 0
40552 40570 0
36448 36483 0
90653 90784 0
49679 49742 0
43324 43345 0
51391 51426 0
48521 48590 0
41624 41643 0
38202 38227 0
39701 39712 0
37113 37113 1
39675 39793 0
 
41782 41837 0
43912 43912 1
43115 43189 0
40654 40706 0
36230 36287 0
41291 41358 0
61896 61968 0
48036 48068 0
48810 48820 0
42309 42322 0
42163 42181 0
44911 45004 0
39067 39087 0
46142 46176 0
45870 45939 0
37926 37998 0
38777 38787 0
40844 40872 0
39818 39846 0
39590 39638 0
40018 40057 0
80444 80459 0
54014 54847 0
47326 47341 0
49930 49976 0
 
0 0 0
0 0 0
0 0 0
0 0 0
0 0 0
0 0 0
0 0 0
0 0 0
0 0 0
0 0 0
0 0 0
0 0 0
0 0 0
0 0 0
0 0 0
0 0 0
0 0 0
0 0 0
0 0 0
0 0 0
0 0 0
0 0 0
0 0 0
0 0 0
0 0 0
 
===
