752 752 1
1613 1613 1
841 841 1
1699 1699 1
2597 2597 1
483 483 1
1396 1396 1
817 817 1
593 593 1
894 895 0
356 356 1
390 390 1
1285 1285 1
493 493 1
260 260 1
307 307 1
414 414 1
564 564 1
444 444 1
627 627 1
1013 1013 1
616 616 1
920 920 1
1409 1409 1
661 661 1
 
1681 1681 1
1872 1885 0
397 397 1
2231 2234 0
1926 1926 1
1332 1332 1
961 961 1
694 694 1
1205 1205 1
1782 1782 1
525 525 1
1717 1717 1
1272 1277 0
1282 1282 1
1473 1473 1
874 874 1
1723 1726 0
1638 1638 1
2204 2230 0
773 773 1
1133 1133 1
1408 1410 0
1741 1742 0
1239 1240 0
1499 1499 1
 
1814 1818 0
1589 1595 0
2738 2768 0
2199 2200 0
1355 1356 0
2067 2109 0
2127 2143 0
2953 2955 0
2537 2542 0
1225 1226 0
1255 1255 1
1657 1673 0
769 769 1
2108 2121 0
2722 2881 0
2263 2263 1
2412 2435 0
2392 2437 0
1698 1699 0
4642 4658 0
2725 2725 1
2750 2758 0
2167 2167 1
2338 2358 0
1603 1652 0
 
2661 2671 0
4231 4305 0
2869 2892 0
1946 2085 0
4466 4505 0
2198 2223 0
2619 2835 0
1700 1708 0
3734 3919 0
4188 4250 0
2102 2196 0
2019 2280 0
5021 5154 0
2290 2540 0
2417 2506 0
3192 3345 0
2791 3108 0
3602 3669 0
2275 2291 0
2351 2467 0
2838 3064 0
3572 3638 0
2816 2853 0
2496 2570 0
3545 3699 0
 
1833 1844 0
2465 2568 0
3468 3783 0
2375 2441 0
2573 2622 0
1582 1593 0
2706 2738 0
2461 2564 0
1866 1919 0
1952 1981 0
1947 2010 0
3134 3222 0
3409 4056 0
2037 2121 0
1723 1800 0
1164 1190 0
3144 3218 0
3486 3792 0
3571 3746 0
3823 4311 0
2440 2509 0
2661 2733 0
4248 4353 0
2218 2548 0
1469 1537 0
 
===
