688 688 1
2542 2542 1
1117 1117 1
769 769 1
979 979 1
515 515 1
1826 1826 1
1008 1008 1
1880 1880 1
1307 1307 1
2440 2440 1
1082 1082 1
2052 2053 0
875 875 1
1980 1980 1
1159 1159 1
1476 1476 1
1004 1004 1
716 716 1
864 864 1
1262 1262 1
791 791 1
1103 1103 1
1010 1010 1
1869 1869 1
 
1897 1898 0
2051 2051 1
2632 2636 0
2360 2366 0
2840 2841 0
1727 1727 1
2221 2224 0
2530 2532 0
3137 3147 0
2663 2664 0
1962 1962 1
2740 2751 0
3584 3586 0
2585 2585 1
2546 2549 0
2683 2687 0
2023 2028 0
2772 2776 0
3448 3452 0
2283 2285 0
1761 1761 1
1639 1639 1
1842 1842 1
2362 2366 0
2233 2233 1
 
2734 2736 0
3050 3055 0
5399 5432 0
1872 1874 0
2990 2995 0
3327 3328 0
3779 3780 0
4685 4698 0
2658 2662 0
4004 4005 0
3257 3257 1
2569 2569 1
2693 2693 1
3739 3750 0
3611 3614 0
2645 2645 1
3378 3398 0
2700 2701 0
2719 2759 0
4105 4107 0
2798 2818 0
3971 4008 0
2990 2991 0
2927 2933 0
3073 3077 0
 
4216 4358 0
3801 3840 0
3522 3537 0
3398 3411 0
4749 4814 0
4333 4519 0
5650 5853 0
4709 4753 0
2973 2994 0
3941 4103 0
4597 4693 0
4141 4254 0
3737 3799 0
4494 4600 0
3432 3434 0
3811 3840 0
4187 4348 0
4849 4918 0
5183 5213 0
4116 4178 0
5594 5700 0
4057 4136 0
4086 4094 0
4658 4769 0
4944 5124 0
 
3970 4072 0
3841 3907 0
3525 3541 0
5166 5356 0
3311 3330 0
3666 3700 0
3239 3289 0
3783 3805 0
5717 5945 0
4012 4100 0
4229 4393 0
4470 4496 0
5087 5220 0
4537 4636 0
4282 4322 0
4454 4574 0
4446 4553 0
4660 4804 0
5795 6015 0
4519 4684 0
3329 3361 0
4489 4525 0
4016 4153 0
4051 4092 0
4683 4740 0
 
===
