4527 4527 1
5145 5145 1
4136 4136 1
7286 7286 1
4904 4904 1
4267 4267 1
5941 5941 1
5939 5939 1
4753 4753 1
4212 4212 1
3723 3723 1
4313 4313 1
6601 6601 1
5673 5677 0
5270 5270 1
5457 5458 0
4969 4969 1
5159 5159 1
6235 6235 1
5201 5202 0
3986 3986 1
6080 6080 1
4997 4997 1
4614 4614 1
5072 5072 1
 
12622 12625 0
11099 11102 0
9273 9276 0
12846 12846 1
9214 9214 1
13266 13266 1
9760 9761 0
10530 10533 0
11532 11532 1
9357 9357 1
12318 12319 0
12685 12687 0
9122 9123 0
12349 12353 0
8993 8993 1
12729 12733 0
9703 9705 0
10709 10710 0
11017 11020 0
9980 9982 0
9672 9673 0
11879 11882 0
14454 14454 1
14151 14153 0
9432 9432 1
 
16424 16459 0
20311 20324 0
17780 17803 0
15487 15501 0
17537 17582 0
16175 16183 0
14500 14506 0
17301 17314 0
17062 17095 0
15501 15510 0
18203 18213 0
17365 17375 0
16683 16701 0
14327 14336 0
12291 12294 0
13683 13686 0
15513 15526 0
15746 15762 0
15245 15277 0
12777 12783 0
17783 17796 0
13677 13678 0
19401 19427 0
14364 14404 0
12731 12733 0
 
23944 24327 0
22184 22322 0
22978 23234 0
20999 21172 0
21260 21471 0
18871 19160 0
21116 21231 0
19008 19159 0
22511 22740 0
21652 21880 0
28861 29062 0
29866 30326 0
25156 25649 0
22756 22942 0
20235 20362 0
22162 22518 0
21984 22169 0
22993 23308 0
22699 22791 0
21224 21327 0
18255 18400 0
23972 24256 0
17738 17884 0
19751 19895 0
20526 20631 0
 
21882 22183 0
22159 22432 0
20231 20472 0
21418 21753 0
26553 27016 0
19521 19900 0
20489 20768 0
25411 25846 0
23202 23691 0
21828 22392 0
21211 21318 0
20091 20264 0
23415 23661 0
24854 25249 0
43320 43567 0
23532 23689 0
22656 22771 0
27720 28227 0
19171 19260 0
23811 23969 0
23633 23893 0
24820 25126 0
26184 26324 0
21721 22379 0
23927 24498 0
 
===
