582 582 1
296 296 1
847 849 0
376 376 1
386 386 1
493 493 1
382 382 1
328 328 1
414 414 1
508 508 1
439 439 1
308 308 1
707 707 1
357 357 1
407 407 1
386 386 1
845 845 1
929 929 1
481 481 1
372 372 1
387 387 1
264 264 1
769 769 1
662 662 1
741 741 1
 
939 946 0
830 831 0
1137 1138 0
760 760 1
858 859 0
1165 1166 0
1981 1987 0
1556 1557 0
1038 1038 1
418 418 1
526 526 1
1031 1033 0
476 476 1
1423 1431 0
475 475 1
432 432 1
630 630 1
456 456 1
1002 1002 1
690 690 1
1080 1084 0
707 708 0
1318 1319 0
1576 1578 0
748 748 1
 
1947 1997 0
1311 1320 0
1571 1622 0
1000 1002 0
659 659 1
1655 1685 0
860 860 1
922 923 0
638 638 1
1749 1754 0
1926 1942 0
1089 1089 1
1600 1605 0
1214 1217 0
1307 1311 0
648 649 0
1536 1598 0
1913 1919 0
701 701 1
1457 1482 0
1149 1154 0
2364 2420 0
788 788 1
666 666 1
1008 1010 0
 
1627 1737 0
1717 1941 0
1704 1857 0
1262 1347 0
2052 2136 0
1769 1838 0
1303 1304 0
1166 1176 0
1692 1745 0
1703 1798 0
1291 1318 0
929 931 0
1068 1085 0
1232 1311 0
1345 1761 0
1659 1777 0
1946 2067 0
1507 1786 0
1877 2331 0
1947 2166 0
1170 1203 0
1395 1600 0
1772 1849 0
2557 2814 0
1532 1867 0
 
2313 2529 0
1918 2092 0
1362 1482 0
1204 1264 0
907 915 0
1533 1582 0
1606 1809 0
989 1044 0
1611 1646 0
1475 1955 0
1533 1663 0
1660 1748 0
1838 2054 0
1284 1306 0
2318 2564 0
1931 2155 0
1272 1286 0
1806 2071 0
1873 2153 0
1524 1869 0
907 926 0
2183 2608 0
1326 1467 0
1733 2058 0
1158 1200 0
 
===
