kv1841 1841 1
1615 1615 1
2777 2777 1
2221 2221 1
1354 1354 1
2126 2126 1
2148 2148 1
2965 2965 1
2556 2556 1
1243 1243 1
1259 1259 1
1676 1676 1
770 770 1
2153 2153 1
2895 2895 1
2267 2267 1
2443 2443 1
2455 2455 1
1710 1710 1
4686 4686 1
2778 2778 1
2886 2886 1
2179 2179 1
2370 2370 1
1655 1655 1
 
2686 2686 1
4334 4334 1
2923 2923 1
2099 2099 1
4554 4554 1
2236 2236 1
2859 2859 1
1716 1716 1
3984 3984 1
4302 4302 1
2206 2206 1
2290 2290 1
5287 5287 1
2543 2543 1
2518 2518 1
3386 3386 1
3106 3106 1
3670 3670 1
2291 2291 1
2505 2505 1
3062 3062 1
3635 3635 1
2854 2854 1
2569 2569 1
3698 3698 1
 
4421 4421 1
3604 3604 1
4818 4818 1
5004 5004 1
2497 2497 1
3799 3799 1
4647 4647 1
2616 2616 1
4442 4442 1
3485 3485 1
3894 3894 1
3762 3762 1
1923 1923 1
2996 2996 1
3870 3870 1
2604 2604 1
4496 4496 1
3102 3102 1
3079 3079 1
5027 5027 1
3607 3607 1
2748 2748 1
3755 3755 1
4809 4809 1
2455 2455 1
 
5511 5511 1
3452 3452 1
5168 5168 1
3462 3462 1
4259 4259 1
4135 4135 1
6157 6157 1
4235 4235 1
4757 4757 1
3213 3213 1
4549 4549 1
3802 3802 1
5941 5945 0
3305 3305 1
2769 2771 0
5262 5262 1
3123 3123 1
5027 5027 1
3376 3376 1
3491 3491 1
3017 3017 1
4250 4250 1
3332 3332 1
2072 2072 1
2908 2910 0
 
6087 6087 1
3508 3514 0
3653 3666 0
4237 4237 1
5310 5310 1
4983 4983 1
4547 4547 1
3863 3873 0
3684 3687 0
4019 4019 1
3629 3629 1
4878 4885 0
3289 3289 1
3337 3345 0
5091 5092 0
4819 4819 1
5071 5071 1
4240 4243 0
4868 4868 1
2183 2183 1
3445 3445 1
4945 4955 0
3479 3501 0
4889 4890 0
4240 4240 1
 
4504 5076 0
6138 6260 0
8316 8392 0
6306 6322 0
3989 3998 0
4232 4340 0
6063 6209 0
4943 5146 0
5284 5331 0
11016 11033 0
5841 6056 0
5559 5590 0
4048 4050 0
6908 6908 1
6236 6398 0
4990 5065 0
4938 4990 0
5364 5412 0
6570 6739 0
4734 5049 0
6321 6469 0
4897 4954 0
5151 5183 0
3833 3951 0
5326 5437 0
 
1298 4132 0
1893 6338 0
1620 8884 0
489 3484 0
1436 6489 0
1370 5453 0
1458 7042 0
1976 6843 0
1715 5086 0
1179 4712 0
1251 5289 0
1373 7084 0
1353 5799 0
2080 6317 0
967 4053 0
1792 5915 0
1733 5776 0
1518 5948 0
1558 6040 0
1527 5441 0
989 4285 0
1322 3891 0
1757 6738 0
1350 5450 0
1653 6317 0
 
===