625 625 1
1095 1095 1
734 734 1
710 710 1
617 617 1
395 395 1
654 654 1
735 735 1
745 745 1
808 811 0
418 419 0
826 826 1
1113 1113 1
880 880 1
503 503 1
674 674 1
553 553 1
687 687 1
780 780 1
781 781 1
681 681 1
653 653 1
620 620 1
512 512 1
799 799 1
 
1046 1046 1
957 957 1
801 801 1
820 820 1
562 562 1
850 850 1
765 765 1
726 726 1
657 657 1
1108 1108 1
555 555 1
669 673 0
790 790 1
630 630 1
635 635 1
1057 1057 1
648 648 1
740 740 1
779 779 1
736 736 1
750 751 0
1144 1144 1
1026 1026 1
1052 1053 0
1068 1068 1
 
189 189 1
297 297 1
181 181 1
227 227 1
210 210 1
229 229 1
265 265 1
236 236 1
280 280 1
237 237 1
218 218 1
266 266 1
174 174 1
229 229 1
276 276 1
203 203 1
234 234 1
225 225 1
278 278 1
297 297 1
155 155 1
268 268 1
305 305 1
256 256 1
215 215 1
 
270 270 1
222 222 1
231 231 1
316 316 1
216 216 1
296 296 1
249 249 1
306 306 1
248 248 1
200 200 1
249 249 1
261 261 1
366 366 1
313 313 1
297 297 1
255 255 1
197 197 1
258 258 1
224 224 1
232 232 1
229 229 1
275 275 1
232 232 1
210 210 1
232 232 1
 
231 231 1
276 276 1
352 352 1
297 297 1
286 286 1
190 190 1
263 263 1
321 321 1
285 285 1
270 270 1
249 249 1
349 349 1
232 232 1
321 321 1
303 303 1
265 265 1
323 323 1
302 302 1
210 210 1
328 328 1
330 330 1
271 271 1
230 230 1
266 266 1
323 323 1
 
233 233 1
341 341 1
352 352 1
246 246 1
237 237 1
310 310 1
366 366 1
256 256 1
353 353 1
238 238 1
282 282 1
263 263 1
338 338 1
280 280 1
315 315 1
340 340 1
438 438 1
368 368 1
395 395 1
282 282 1
256 256 1
349 349 1
342 342 1
344 344 1
369 369 1
 
408 408 1
217 217 1
464 464 1
350 350 1
428 428 1
375 375 1
272 272 1
265 265 1
299 299 1
314 314 1
257 257 1
331 331 1
371 371 1
283 283 1
232 232 1
328 328 1
338 338 1
301 301 1
360 360 1
337 337 1
290 290 1
268 268 1
324 324 1
294 294 1
414 414 1
 
384 384 1
319 319 1
392 392 1
384 384 1
370 370 1
352 355 0
298 298 1
356 356 1
321 321 1
384 384 1
390 390 1
325 325 1
365 365 1
372 372 1
324 324 1
311 312 0
424 424 1
294 294 1
319 319 1
593 593 1
384 384 1
352 352 1
350 350 1
439 439 1
314 314 1
 
320 324 0
347 348 0
320 321 0
356 356 1
496 496 1
300 300 1
294 301 0
418 418 1
353 355 0
467 467 1
346 346 1
312 313 0
400 400 1
479 482 0
441 441 1
347 348 0
379 379 1
352 352 1
397 397 1
430 430 1
415 415 1
329 331 0
431 431 1
355 355 1
324 324 1
 
340 341 0
359 361 0
462 462 1
423 423 1
467 471 0
372 374 0
502 502 1
413 413 1
362 369 0
344 350 0
370 378 0
417 426 0
444 444 1
396 399 0
413 413 1
321 327 0
423 424 0
407 408 0
411 419 0
420 421 0
488 489 0
310 315 0
481 485 0
504 504 1
402 406 0
 
433 433 1
280 286 0
399 403 0
315 339 0
482 486 0
466 478 0
391 415 0
432 443 0
480 491 0
366 396 0
381 390 0
447 450 0
330 340 0
451 461 0
465 478 0
386 408 0
305 317 0
393 410 0
465 477 0
441 442 0
388 404 0
372 373 0
401 405 0
365 375 0
399 409 0
 
===
