16370 16370 1
17464 17464 1
15595 15595 1
16562 16562 1
21422 21422 1
17236 17244 0
22556 22556 1
19991 19991 1
18683 18683 1
15078 15078 1
16705 16705 1
15439 15439 1
17305 17305 1
14944 14944 1
15336 15336 1
18439 18439 1
16896 16896 1
16054 16054 1
16286 16286 1
16747 16747 1
18080 18080 1
16823 16823 1
16340 16360 0
19331 19331 1
18936 18936 1
 
15807 15807 1
18521 18521 1
15982 15982 1
19935 19941 0
16383 16383 1
17006 17006 1
20901 20901 1
21025 21025 1
17595 17602 0
17558 17558 1
19827 19857 0
18034 18037 0
20263 20263 1
17869 17880 0
24345 24345 1
22240 22240 1
17970 17970 1
21532 21551 0
22363 22363 1
21544 21551 0
19572 19572 1
20936 20936 1
19904 19904 1
18438 18438 1
20107 20107 1
 
22359 22359 1
22380 22384 0
20452 20455 0
21721 21721 1
27148 27148 1
19924 19924 1
20736 20736 1
25875 25875 1
23706 23708 0
22587 22628 0
21323 21323 1
20212 20212 1
23781 23781 1
25220 25220 1
21019 21019 1
25674 25675 0
22777 22777 1
27723 27737 0
19471 19471 1
24310 24312 0
24138 24138 1
25044 25044 1
24034 24034 1
21348 21348 1
24780 24793 0
 
22046 22066 0
21459 21459 1
23527 23527 1
25542 25542 1
21144 21144 1
25200 25209 0
22763 22763 1
23760 23760 1
23569 23569 1
22160 22193 0
28444 28478 0
23850 23850 1
22313 22313 1
24862 24862 1
27301 27301 1
25022 25033 0
24314 24314 1
31473 31473 1
30822 30822 1
23581 23581 1
24037 24039 0
29561 29561 1
25785 25801 0
22120 22120 1
25763 25777 0
 
26065 26067 0
22581 22581 1
25309 25309 1
31508 31508 1
24698 24698 1
27798 27798 1
26848 26879 0
23121 23121 1
33763 33766 0
32277 32277 1
28611 28611 1
23561 23561 1
29430 29430 1
26758 26758 1
29132 29132 1
26189 26193 0
68277 68326 0
36479 36494 0
29136 29136 1
29279 29280 0
26625 26633 0
28764 28764 1
29269 29269 1
29273 29330 0
28271 28296 0
 
28899 28907 0
30098 30102 0
30769 30802 0
32617 32621 0
28565 28565 1
29017 29047 0
27897 27899 0
30287 30287 1
30191 30191 1
33842 33842 1
32327 32329 0
27514 27528 0
32283 32283 1
26313 26313 1
31373 31373 1
35298 35340 0
30330 30330 1
31840 31856 0
34068 34087 0
30483 30483 1
27252 27252 1
29965 29965 1
32283 32291 0
27434 27434 1
33899 33967 0
 
31604 31604 1
30233 30233 1
33167 33167 1
28131 28181 0
35575 35575 1
32777 32777 1
32268 32268 1
36857 36922 0
32625 32625 1
33977 33987 0
41699 41713 0
36538 36551 0
33974 33980 0
34000 34032 0
38297 38297 1
37261 37276 0
33138 33139 0
35336 35365 0
34310 34310 1
30275 30275 1
37250 37251 0
26790 26790 1
30386 30391 0
39666 39666 1
32282 32314 0
 
29375 29381 0
36407 36419 0
37284 37295 0
30215 30278 0
61800 61838 0
49786 49787 0
36478 36492 0
34650 34662 0
34698 34747 0
37166 37166 1
32524 32527 0
32862 32913 0
38981 39061 0
34245 34262 0
34538 34548 0
35561 35565 0
36995 37012 0
33894 33894 1
39739 39767 0
35134 35134 1
31991 31991 1
37818 37830 0
31785 31810 0
32919 32937 0
45046 45109 0
 
39888 39905 0
40906 40906 1
36725 36725 1
39429 39429 1
36881 36881 1
38976 38976 1
39428 39460 0
34940 34958 0
35902 35910 0
38040 38124 0
39506 39506 1
39332 39397 0
40222 40222 1
45177 45184 0
36399 36401 0
43234 43256 0
39679 39679 1
45861 45911 0
39526 39526 1
42675 42676 0
36986 37041 0
39920 39934 0
40024 40043 0
41394 41403 0
38692 38757 0
 
44008 44008 1
36362 36362 1
48090 48090 1
45677 45780 0
40652 40660 0
34848 34877 0
78617 78631 0
53949 54001 0
50231 50244 0
45787 45856 0
46762 46794 0
42802 42819 0
36410 36434 0
40532 40565 0
39829 39829 1
40344 40492 0
43305 43355 0
37989 38013 0
41825 41856 0
38026 38026 1
38217 38235 0
44583 44583 1
38982 39043 0
53229 53283 0
44546 44593 0
 
37142 37205 0
40741 40779 0
34371 34424 0
43553 43559 0
36120 36146 0
33443 33452 0
33677 33706 0
33603 33693 0
33538 33546 0
34661 34705 0
33525 33537 0
34848 34922 0
33299 33302 0
88650 88673 0
43664 43664 1
36917 36959 0
40848 40874 0
36341 36377 0
33664 33667 0
33589 33673 0
33701 33737 0
35246 35264 0
33537 33563 0
33936 33941 0
33596 33596 1
 
===
