3709 3709 1
2915 2915 1
3395 3395 1
3450 3450 1
1854 1854 1
2736 2736 1
2843 2843 1
3084 3084 1
5176 5176 1
4382 4382 1
3903 3903 1
4060 4060 1
3630 3630 1
3688 3688 1
2872 2873 0
3784 3787 0
3935 3935 1
4215 4215 1
2678 2678 1
3754 3754 1
3844 3844 1
3799 3799 1
2112 2112 1
2989 2989 1
4953 4953 1
 
3405 3405 1
2766 2766 1
3251 3254 0
5239 5239 1
4424 4424 1
3857 3857 1
2663 2663 1
3822 3822 1
3396 3399 0
3609 3609 1
3098 3098 1
3003 3003 1
3897 3897 1
3243 3244 0
4137 4137 1
3499 3499 1
3681 3681 1
4613 4613 1
3636 3636 1
3935 3935 1
3573 3573 1
3629 3629 1
3990 3990 1
5595 5595 1
4280 4280 1
 
4086 4086 1
3982 3982 1
3562 3564 0
5501 5503 0
3630 3630 1
3739 3741 0
3345 3348 0
3848 3848 1
5977 5990 0
4132 4133 0
4407 4408 0
4521 4521 1
4484 4484 1
4031 4037 0
3743 3744 0
4551 4566 0
4517 4517 1
4809 4813 0
5980 5985 0
4722 4725 0
3288 3288 1
4496 4496 1
4156 4156 1
4049 4049 1
4700 4702 0
 
4137 4137 1
5676 5676 1
4204 4209 0
3573 3573 1
7057 7061 0
4912 4912 1
3726 3735 0
4273 4274 0
6409 6416 0
4917 4925 0
6368 6368 1
5831 5832 0
5654 5654 1
4304 4304 1
4640 4641 0
4270 4270 1
4584 4584 1
3494 3494 1
5552 5552 1
4168 4168 1
4170 4170 1
5819 5819 1
5005 5008 0
4430 4430 1
5547 5547 1
 
6517 6517 1
4412 4413 0
6692 6695 0
5104 5104 1
4851 4851 1
4687 4687 1
5789 5789 1
5161 5161 1
6824 6831 0
5135 5135 1
5030 5030 1
5810 5810 1
3754 3754 1
4177 4177 1
4421 4421 1
5428 5428 1
4457 4457 1
5975 5975 1
5883 5883 1
4479 4479 1
6808 6808 1
5359 5359 1
6626 6626 1
6690 6701 0
7113 7113 1
 
6696 6696 1
5492 5492 1
7208 7208 1
5597 5597 1
6574 6574 1
6039 6044 0
6441 6441 1
4633 4633 1
5152 5152 1
7223 7223 1
6359 6359 1
5033 5033 1
8178 8178 1
5399 5399 1
5348 5348 1
6724 6724 1
6082 6082 1
4269 4269 1
6750 6750 1
7493 7495 0
5410 5411 0
7762 7763 0
6113 6113 1
5857 5859 0
5732 5735 0
 
7182 7190 0
6865 6865 1
6237 6243 0
6565 6570 0
6234 6234 1
6769 6769 1
6973 6973 1
6248 6248 1
5541 5541 1
7272 7272 1
8052 8052 1
5758 5759 0
6776 6776 1
8747 8747 1
6820 6828 0
5769 5769 1
7854 7867 0
7912 7912 1
6047 6047 1
6727 6727 1
7873 7873 1
7461 7461 1
7901 7901 1
5986 5986 1
5534 5539 0
 
7631 7631 1
6242 6242 1
8534 8534 1
7853 7853 1
7870 7870 1
6630 6630 1
6150 6153 0
9189 9205 0
7068 7084 0
8435 8435 1
9548 9548 1
5922 5922 1
6088 6088 1
6610 6610 1
5741 5741 1
8600 8600 1
4979 4990 0
6249 6257 0
7574 7577 0
5558 5558 1
8256 8256 1
5715 5715 1
7748 7748 1
7086 7086 1
6101 6103 0
 
9514 9514 1
8874 8877 0
8903 8903 1
7746 7746 1
7548 7548 1
6297 6298 0
8479 8492 0
7872 7878 0
6140 6140 1
8282 8282 1
8529 8529 1
5471 5473 0
8828 8828 1
8711 8711 1
8398 8398 1
10539 10557 0
8345 8345 1
10289 10289 1
7695 7695 1
8072 8072 1
8890 8890 1
6204 6204 1
8474 8474 1
8899 8899 1
5363 5363 1
 
7880 7880 1
8604 8604 1
6388 6388 1
7143 7161 0
8539 8539 1
7791 7791 1
8420 8427 0
9215 9227 0
6865 6865 1
12364 12364 1
8355 8355 1
10622 10631 0
10326 10342 0
6566 6566 1
8300 8300 1
6646 6646 1
7791 7792 0
6421 6424 0
8772 8772 1
7530 7530 1
8107 8114 0
7747 7753 0
11376 11376 1
6673 6673 1
9761 9761 1
 
9893 9894 0
7842 7842 1
10558 10558 1
6640 6640 1
8986 8986 1
10696 10697 0
8627 8627 1
8074 8074 1
7815 7815 1
7606 7606 1
7360 7360 1
8477 8477 1
9690 9690 1
11010 11026 0
7499 7499 1
9499 9499 1
11776 11776 1
6729 6729 1
8513 8513 1
10480 10481 0
8947 8955 0
8466 8466 1
9827 9833 0
8743 8743 1
8908 8916 0
 
===
