1724 1724 1
1841 1851 0
1560 1560 1
2022 2022 1
836 837 0
877 879 0
1192 1200 0
1471 1471 1
1500 1500 1
1693 1697 0
776 776 1
946 946 1
1271 1271 1
1242 1242 1
791 791 1
3246 3247 0
1066 1066 1
1115 1115 1
1087 1087 1
1104 1104 1
856 856 1
1314 1314 1
1941 1941 1
1156 1156 1
1344 1346 0
 
1257 1258 0
1365 1365 1
955 955 1
947 947 1
1622 1627 0
2068 2070 0
903 903 1
1461 1461 1
1238 1238 1
914 914 1
1032 1032 1
1819 1828 0
921 923 0
2206 2210 0
2038 2142 0
1742 1742 1
1667 1667 1
2242 2242 1
1868 1868 1
1604 1604 1
990 990 1
1776 1778 0
1742 1742 1
821 823 0
906 906 1
 
2529 2529 1
2091 2091 1
1475 1479 0
1263 1263 1
916 918 0
1580 1582 0
1807 1807 1
1042 1043 0
1646 1646 1
1953 1953 1
1663 1663 1
1750 1752 0
2048 2054 0
1305 1305 1
2563 2563 1
2125 2153 0
1287 1287 1
2071 2071 1
2151 2152 0
1865 1869 0
926 926 1
2606 2606 1
1467 1467 1
2056 2059 0
1195 1195 1
 
1923 1923 1
1996 1999 0
1261 1264 0
1921 1933 0
1498 1498 1
1669 1669 1
2052 2052 1
2091 2091 1
1061 1066 0
1312 1315 0
2062 2062 1
1316 1317 0
1270 1271 0
1614 1614 1
1728 1732 0
2315 2318 0
1885 1885 1
2362 2362 1
2245 2245 1
1154 1154 1
2014 2014 1
1416 1421 0
2011 2011 1
1764 1766 0
2001 2003 0
 
1492 1492 1
1655 1655 1
2707 2708 0
1785 1785 1
3338 3338 1
2078 2079 0
1687 1687 1
2014 2014 1
1236 1236 1
2184 2189 0
1326 1328 0
2538 2543 0
1420 1424 0
1509 1519 0
1798 1802 0
1711 1714 0
1546 1547 0
2011 2015 0
2853 2855 0
1214 1220 0
1784 1786 0
2552 2552 1
1592 1600 0
2189 2205 0
1944 1949 0
 
2288 2288 1
1639 1642 0
4742 4810 0
2273 2275 0
2580 2580 1
2242 2245 0
2543 2551 0
2118 2118 1
2441 2456 0
1693 1700 0
2015 2017 0
1474 1474 1
1849 1849 1
2257 2257 1
1416 1429 0
1956 1973 0
1522 1529 0
1154 1159 0
2946 2947 0
2526 2529 0
1452 1461 0
2180 2183 0
1727 1730 0
1189 1191 0
2051 2066 0
 
2595 2602 0
2505 2509 0
2714 2719 0
1715 1715 1
2002 2010 0
2688 2703 0
2764 2824 0
2334 2342 0
2921 2937 0
2513 2513 1
2537 2548 0
1973 1980 0
1940 1940 1
2380 2380 1
1983 1986 0
1920 1920 1
1573 1578 0
2175 2176 0
3095 3095 1
1830 1830 1
2490 2493 0
2803 2805 0
2241 2264 0
2038 2039 0
3122 3131 0
 
3055 3065 0
2975 2975 1
2484 2493 0
3808 3808 1
1769 1769 1
2869 2874 0
1618 1628 0
2235 2237 0
1555 1558 0
2073 2073 1
1754 1757 0
3102 3113 0
3535 3536 0
2333 2333 1
2420 2420 1
3229 3233 0
3017 3020 0
1995 2003 0
3434 3451 0
2367 2370 0
4837 4842 0
1944 1945 0
2188 2203 0
1460 1462 0
1832 1836 0
 
3206 3253 0
2137 2181 0
2694 2746 0
2909 2933 0
3693 3735 0
2572 2615 0
3233 3238 0
2421 2443 0
2418 2425 0
2476 2499 0
1941 1970 0
3118 3125 0
2620 2631 0
2278 2287 0
3262 3278 0
1538 1587 0
2010 2040 0
2665 2668 0
2858 2883 0
3102 3134 0
2498 2502 0
2653 2676 0
3621 3636 0
1601 1602 0
2130 2140 0
 
3491 3543 0
2975 2985 0
2162 2190 0
3490 3582 0
1863 2018 0
1843 1969 0
2794 2860 0
3761 3847 0
2492 2565 0
3408 3452 0
2844 2904 0
2487 2513 0
2293 2369 0
3384 3493 0
2087 2198 0
2269 2345 0
3353 3387 0
2102 2215 0
3239 3262 0
2852 2871 0
3820 3869 0
3407 3539 0
5089 5168 0
2820 3060 0
2662 2684 0
 
2422 2825 0
2877 3080 0
2091 2509 0
2372 2654 0
2363 2752 0
2404 2775 0
1999 2324 0
4645 5736 0
2913 3481 0
2571 3122 0
2249 2419 0
3683 4022 0
4129 4453 0
4128 4667 0
2472 2834 0
3089 3508 0
2219 2499 0
2222 2605 0
2064 2471 0
2306 2600 0
3325 3795 0
2939 3441 0
2777 3329 0
2508 2907 0
2793 3298 0
 
===
