626 626 1
1093 1093 1
735 735 1
778 778 1
671 671 1
422 422 1
728 728 1
739 739 1
760 760 1
815 815 1
422 422 1
847 847 1
1105 1105 1
896 896 1
528 528 1
675 675 1
556 556 1
691 691 1
783 783 1
783 783 1
686 686 1
654 654 1
621 621 1
515 515 1
803 803 1
 
1061 1061 1
957 957 1
803 803 1
823 823 1
567 567 1
850 850 1
775 775 1
731 731 1
666 666 1
1113 1113 1
556 556 1
675 675 1
799 799 1
634 634 1
637 637 1
1061 1061 1
652 652 1
755 755 1
783 783 1
743 743 1
756 756 1
977 977 1
942 942 1
973 973 1
943 943 1
 
201 201 1
294 294 1
182 182 1
229 229 1
205 205 1
232 232 1
263 263 1
238 238 1
277 277 1
240 240 1
217 217 1
267 267 1
174 174 1
225 225 1
277 277 1
199 199 1
232 232 1
225 225 1
262 262 1
288 288 1
153 153 1
266 266 1
304 304 1
229 229 1
215 215 1
 
267 267 1
219 219 1
233 233 1
314 314 1
211 211 1
291 291 1
245 245 1
302 302 1
245 245 1
198 198 1
248 248 1
261 261 1
362 362 1
313 313 1
293 293 1
255 255 1
195 195 1
256 256 1
222 222 1
230 230 1
227 227 1
269 269 1
229 229 1
210 210 1
233 233 1
 
230 230 1
276 276 1
354 354 1
297 297 1
287 287 1
190 190 1
263 263 1
322 322 1
286 286 1
270 270 1
249 249 1
349 349 1
232 232 1
321 321 1
303 303 1
265 265 1
322 322 1
302 302 1
210 210 1
327 327 1
330 330 1
271 271 1
230 230 1
266 266 1
327 327 1
 
232 232 1
341 341 1
352 352 1
251 251 1
237 237 1
310 310 1
365 365 1
256 256 1
353 353 1
238 238 1
282 282 1
263 263 1
338 338 1
276 276 1
315 315 1
340 340 1
438 438 1
367 367 1
394 394 1
283 283 1
256 256 1
349 349 1
343 343 1
344 344 1
364 364 1
 
406 406 1
216 216 1
465 465 1
350 350 1
451 451 1
382 382 1
272 272 1
265 265 1
299 299 1
314 314 1
258 258 1
332 332 1
371 371 1
283 283 1
232 232 1
328 328 1
406 406 1
381 381 1
432 432 1
340 340 1
295 295 1
276 276 1
331 331 1
316 316 1
421 421 1
 
390 390 1
320 320 1
402 402 1
408 408 1
391 391 1
359 362 0
314 314 1
362 362 1
320 320 1
395 395 1
400 400 1
335 335 1
381 381 1
377 377 1
326 326 1
316 317 0
429 430 0
297 297 1
325 325 1
474 474 1
314 314 1
345 345 1
336 336 1
424 424 1
315 315 1
 
317 320 0
354 355 0
316 317 0
339 339 1
485 485 1
294 294 1
292 299 0
413 413 1
336 339 0
455 455 1
341 341 1
281 282 0
396 396 1
470 473 0
412 412 1
340 341 0
377 377 1
351 351 1
394 394 1
425 425 1
408 408 1
327 329 0
422 423 0
352 352 1
318 319 0
 
333 333 1
357 359 0
452 452 1
417 418 0
442 447 0
370 372 0
501 501 1
413 413 1
363 370 0
344 350 0
368 377 0
416 425 0
451 451 1
394 398 0
412 412 1
320 326 0
425 426 0
408 409 0
410 418 0
426 427 0
487 488 0
310 315 0
482 486 0
504 504 1
402 406 0
 
432 432 1
276 286 0
396 401 0
313 339 0
483 487 0
464 477 0
388 414 0
431 442 0
479 492 0
366 398 0
382 391 0
444 448 0
328 339 0
450 460 0
457 470 0
385 409 0
306 319 0
391 408 0
463 478 0
439 443 0
388 404 0
372 373 0
398 404 0
362 373 0
398 409 0
 
===
