3709 3709 1
2928 2928 1
3398 3398 1
3452 3452 1
1860 1860 1
2747 2747 1
2843 2843 1
3089 3089 1
5177 5177 1
4387 4387 1
3902 3902 1
4061 4061 1
3632 3632 1
3695 3695 1
2865 2865 1
3783 3783 1
3936 3936 1
4221 4221 1
2976 2976 1
4212 4212 1
4264 4264 1
4873 4873 1
2237 2237 1
3009 3009 1
4979 4979 1
 
3577 3577 1
2924 2924 1
3363 3363 1
5272 5272 1
4472 4472 1
3925 3925 1
2674 2674 1
3846 3846 1
3449 3449 1
3645 3645 1
3145 3145 1
3068 3068 1
3957 3957 1
3308 3308 1
4161 4161 1
3576 3576 1
3695 3695 1
3553 3553 1
3047 3047 1
3841 3841 1
3575 3575 1
3580 3580 1
3843 3843 1
5558 5558 1
4269 4269 1
 
4098 4098 1
3937 3937 1
3690 3690 1
5470 5470 1
3361 3361 1
3740 3740 1
3355 3355 1
3883 3883 1
5999 5999 1
4100 4100 1
4389 4389 1
4492 4492 1
4362 4362 1
3945 3945 1
3684 3684 1
4493 4493 1
4478 4478 1
4804 4804 1
5900 5900 1
4634 4634 1
3270 3270 1
4619 4619 1
4104 4104 1
4007 4007 1
4684 4684 1
 
4096 4096 1
5650 5650 1
4172 4172 1
3493 3493 1
7060 7060 1
4962 4962 1
3768 3768 1
4273 4273 1
6373 6373 1
4928 4928 1
6357 6357 1
5823 5823 1
5655 5655 1
4304 4304 1
4642 4642 1
4285 4285 1
4585 4585 1
3494 3494 1
5559 5559 1
4168 4168 1
4168 4168 1
5819 5819 1
5015 5015 1
4286 4286 1
5549 5549 1
 
6522 6522 1
4419 4419 1
6692 6692 1
5135 5135 1
4859 4859 1
4688 4688 1
5866 5866 1
5166 5166 1
6945 6945 1
5139 5139 1
5021 5021 1
5807 5807 1
3819 3819 1
4180 4180 1
4416 4416 1
5436 5436 1
4472 4472 1
5983 5983 1
5878 5878 1
4482 4482 1
6811 6811 1
5361 5361 1
6641 6641 1
6728 6728 1
7102 7102 1
 
6686 6686 1
5465 5465 1
7657 7657 1
5590 5590 1
6561 6561 1
6043 6043 1
6443 6443 1
4637 4637 1
5155 5155 1
7231 7231 1
7287 7287 1
6377 6377 1
9951 9951 1
5768 5768 1
5447 5447 1
6860 6860 1
6170 6170 1
4808 4808 1
6894 6894 1
7669 7669 1
5498 5498 1
10839 10839 1
6209 6209 1
6084 6084 1
5861 5861 1
 
7344 7344 1
7046 7046 1
5063 5063 1
5457 5457 1
6227 6227 1
6934 6934 1
6959 6959 1
6180 6180 1
5463 5463 1
7211 7211 1
8045 8045 1
5887 5887 1
6671 6671 1
8398 8398 1
6678 6678 1
5697 5697 1
7750 7750 1
7581 7581 1
5894 5894 1
6571 6571 1
7776 7776 1
7063 7063 1
7657 7657 1
5904 5904 1
5478 5478 1
 
7534 7534 1
6189 6189 1
8457 8457 1
7856 7856 1
8504 8504 1
6634 6634 1
6128 6128 1
9074 9074 1
7088 7088 1
8328 8328 1
9461 9461 1
5916 5916 1
6091 6091 1
6611 6611 1
5740 5740 1
8580 8580 1
4999 4999 1
6737 6737 1
7577 7577 1
5501 5501 1
8263 8263 1
5714 5714 1
8190 8190 1
7079 7079 1
6096 6096 1
 
9438 9438 1
8787 8787 1
8907 8907 1
7739 7739 1
7554 7554 1
6304 6304 1
8530 8530 1
7880 7880 1
6139 6139 1
8279 8279 1
8485 8485 1
5055 5055 1
8834 8834 1
8711 8711 1
8410 8410 1
10576 10576 1
8344 8344 1
10314 10314 1
7707 7707 1
8062 8062 1
8884 8884 1
10357 10357 1
14192 14192 1
9835 9835 1
5627 5627 1
 
8276 8276 1
8881 8881 1
6543 6543 1
8041 8041 1
8714 8714 1
8248 8248 1
8659 8659 1
9608 9608 1
7017 7017 1
9458 9458 1
6716 6716 1
10187 10187 1
10390 10390 1
6604 6604 1
8162 8162 1
6751 6751 1
7775 7775 1
6321 6321 1
8436 8436 1
7379 7379 1
8026 8026 1
7631 7631 1
11218 11218 1
6669 6669 1
9593 9593 1
 
9663 9663 1
7574 7574 1
10427 10427 1
6441 6441 1
8759 8759 1
10326 10326 1
8629 8629 1
8057 8057 1
7820 7820 1
7696 7696 1
7367 7367 1
8484 8484 1
9687 9687 1
11018 11018 1
7500 7500 1
11292 11292 1
11776 11776 1
6740 6740 1
8510 8510 1
10477 10484 0
8864 8864 1
8466 8466 1
9886 9886 1
8758 8758 1
8908 8908 1
 
===
