1723 1723 1
1851 1851 1
1551 1551 1
2022 2022 1
838 838 1
879 879 1
1200 1200 1
1470 1470 1
1500 1500 1
1698 1698 1
774 774 1
946 946 1
1272 1272 1
1242 1242 1
791 791 1
3247 3247 1
1066 1066 1
1116 1116 1
1088 1088 1
1093 1093 1
857 857 1
1313 1313 1
1941 1941 1
1156 1156 1
1348 1348 1
 
1258 1258 1
1365 1365 1
955 955 1
947 947 1
1626 1626 1
2071 2071 1
903 903 1
1461 1461 1
1240 1240 1
914 914 1
1034 1034 1
1829 1829 1
922 922 1
2212 2212 1
2142 2142 1
1737 1737 1
1666 1666 1
2242 2242 1
1868 1868 1
1604 1604 1
989 989 1
1776 1776 1
1742 1742 1
822 822 1
908 908 1
 
2528 2528 1
2091 2091 1
1480 1480 1
1264 1264 1
916 916 1
1584 1584 1
1807 1807 1
1043 1043 1
1646 1646 1
1954 1954 1
1663 1663 1
1749 1749 1
2055 2055 1
1306 1306 1
2563 2563 1
2153 2153 1
1287 1287 1
2071 2071 1
2152 2152 1
1869 1869 1
927 927 1
2605 2605 1
1468 1468 1
2061 2061 1
1195 1195 1
 
1920 1920 1
2000 2000 1
1339 1339 1
2716 2716 1
1569 1569 1
1862 1862 1
2259 2259 1
2097 2097 1
1071 1071 1
1324 1324 1
2067 2067 1
1319 1319 1
1272 1272 1
1625 1625 1
1735 1735 1
2324 2324 1
1896 1896 1
2369 2369 1
2252 2252 1
1167 1167 1
2026 2026 1
1427 1427 1
2043 2043 1
1783 1783 1
2006 2006 1
 
1523 1523 1
1659 1659 1
2726 2726 1
1793 1793 1
3358 3358 1
2083 2083 1
1707 1707 1
2019 2019 1
1242 1242 1
2213 2213 1
1331 1331 1
2557 2557 1
1430 1430 1
1518 1518 1
1823 1823 1
1717 1717 1
1548 1548 1
2028 2028 1
2864 2864 1
1220 1220 1
1794 1794 1
2558 2558 1
1498 1498 1
1932 1932 1
1734 1734 1
 
2167 2167 1
1536 1536 1
4808 4808 1
2095 2096 0
2586 2586 1
2255 2255 1
2563 2563 1
2096 2096 1
2452 2452 1
1699 1699 1
2018 2018 1
1471 1471 1
1849 1849 1
2244 2244 1
1419 1419 1
1979 1979 1
1515 1515 1
1156 1156 1
2955 2955 1
2518 2518 1
1424 1424 1
2185 2185 1
1725 1725 1
1185 1185 1
2064 2064 1
 
2587 2587 1
2497 2497 1
2711 2711 1
1683 1683 1
1964 1964 1
2689 2689 1
2810 2810 1
2335 2335 1
2898 2898 1
2500 2500 1
2527 2529 0
1977 1977 1
1935 1935 1
2376 2376 1
1960 1960 1
1917 1917 1
1569 1569 1
2155 2156 0
3085 3085 1
1826 1826 1
2479 2479 1
2792 2792 1
2260 2260 1
2040 2041 0
3119 3119 1
 
3038 3038 1
2943 2943 1
2478 2480 0
3792 3792 1
1768 1768 1
2843 2848 0
1619 1624 0
2224 2227 0
1554 1554 1
2061 2061 1
1749 1750 0
3112 3112 1
3531 3532 0
2332 2332 1
2422 2422 1
3231 3231 1
3016 3017 0
2003 2005 0
3451 3451 1
2369 2373 0
4841 4845 0
1944 1944 1
2201 2203 0
1460 1462 0
1834 1836 0
 
3229 3255 0
2139 2179 0
2698 2749 0
2927 2931 0
3685 3734 0
2587 2638 0
3240 3241 0
2430 2443 0
2413 2421 0
2404 2426 0
1937 1975 0
3120 3128 0
2622 2633 0
2279 2287 0
3267 3281 0
1541 1588 0
2004 2039 0
2667 2670 0
2863 2883 0
3109 3132 0
2502 2506 0
2671 2673 0
3633 3636 0
1604 1605 0
2134 2140 0
 
3481 3544 0
2969 2984 0
2170 2190 0
3467 3583 0
1846 2021 0
1838 1969 0
2795 2863 0
3739 3847 0
2484 2565 0
3396 3448 0
2835 2902 0
2462 2494 0
2284 2365 0
3377 3489 0
2076 2197 0
2264 2343 0
3351 3388 0
2098 2216 0
3232 3263 0
2849 2870 0
3809 3869 0
3417 3540 0
5072 5167 0
2791 3043 0
2650 2682 0
 
2369 2827 0
2800 3078 0
2066 2506 0
2302 2654 0
2257 2750 0
2312 2777 0
1933 2322 0
4649 5725 0
2821 3480 0
2509 3120 0
2227 2418 0
3639 4022 0
3885 4451 0
3975 4669 0
2354 2836 0
3008 3508 0
2161 2498 0
2181 2607 0
2002 2481 0
2263 2600 0
3202 3798 0
2886 3427 0
2717 3330 0
2418 2909 0
2730 3294 0
 
===
