16382 16382 1
17612 17612 1
15313 15313 1
15857 15857 1
20383 20383 1
16448 16448 1
21448 21448 1
18935 18935 1
18237 18237 1
15152 15152 1
16796 16796 1
15427 15427 1
16421 16421 1
14916 14916 1
15271 15271 1
18490 18490 1
16997 16997 1
16057 16057 1
16533 16533 1
16708 16708 1
17924 17924 1
16782 16782 1
16356 16356 1
19252 19252 1
18869 18869 1
 
15667 15667 1
18485 18485 1
15897 15897 1
31859 31859 1
17485 17485 1
18506 18506 1
22180 22180 1
22079 22079 1
20253 20253 1
18429 18429 1
19636 19636 1
17400 17400 1
20024 20024 1
17712 17712 1
21913 21913 1
21013 21013 1
17051 17051 1
20353 20353 1
21286 21286 1
21469 21469 1
19658 19658 1
20911 20911 1
19888 19888 1
18344 18344 1
20107 20107 1
 
22085 22085 1
22399 22399 1
20439 20439 1
21854 21854 1
27028 27028 1
19854 19854 1
20680 20680 1
27614 27614 1
23615 23615 1
22357 22357 1
38223 38223 1
24282 24282 1
25572 25572 1
27117 27117 1
22356 22356 1
23350 23350 1
22181 22181 1
28088 28088 1
18179 18179 1
22688 22688 1
22487 22487 1
24004 24004 1
21995 21995 1
21441 21441 1
24435 24435 1
 
21987 21987 1
21340 21340 1
23324 23324 1
25550 25550 1
21151 21151 1
25140 25140 1
22817 22817 1
23629 23629 1
23601 23601 1
22280 22280 1
28468 28468 1
23830 23830 1
45069 45069 1
27488 27488 1
29458 29458 1
26716 26716 1
26077 26077 1
24911 24911 1
27243 27243 1
22997 22997 1
22737 22737 1
27554 27554 1
23982 23982 1
20965 20965 1
23972 23972 1
 
26174 26174 1
22482 22482 1
25371 25371 1
30067 30067 1
24861 24861 1
28022 28022 1
27017 27017 1
23166 23166 1
33829 33829 1
32497 32497 1
28616 28616 1
23466 23466 1
65515 65515 1
29246 29246 1
33485 33485 1
27751 27751 1
30598 30598 1
29833 29833 1
29760 29760 1
27415 27415 1
24599 24599 1
26303 26303 1
27968 27968 1
31269 31269 1
28302 28302 1
 
28942 28942 1
30045 30045 1
31079 31079 1
33108 33108 1
28650 28650 1
29076 29076 1
27854 27854 1
30226 30226 1
30201 30201 1
33877 33877 1
41853 41853 1
34709 34709 1
34927 34927 1
28590 28590 1
30658 30658 1
30181 30181 1
32533 32533 1
26360 26360 1
31977 31977 1
28767 28767 1
27513 27513 1
29831 29831 1
32092 32092 1
27341 27341 1
33754 33754 1
 
31392 31392 1
30284 30284 1
32749 32749 1
29825 29825 1
35195 35195 1
32743 32743 1
81375 81375 1
40923 40923 1
35549 35549 1
36414 36414 1
40298 40298 1
35697 35697 1
31947 31947 1
31391 31391 1
35040 35040 1
34760 34760 1
33084 33084 1
35265 35265 1
32735 32735 1
29751 29751 1
36229 36229 1
26883 26883 1
30208 30208 1
38924 38924 1
32323 32323 1
 
29449 29449 1
45220 45220 1
42242 42242 1
33363 33363 1
37832 37832 1
48338 48338 1
34906 34906 1
31413 31413 1
32115 32115 1
34511 34511 1
32699 32699 1
33115 33115 1
36212 36212 1
34185 34185 1
34441 34441 1
35753 35753 1
36329 36329 1
34148 34148 1
39658 39658 1
73744 73744 1
35723 35723 1
41768 41768 1
35222 35222 1
31790 31790 1
43787 43787 1
 
37013 37013 1
37721 37721 1
34076 34076 1
36436 36436 1
36826 36826 1
38756 38756 1
39558 39558 1
35028 35028 1
35901 35901 1
37803 37803 1
37987 37987 1
39255 39255 1
84184 84184 1
54875 54875 1
40796 40796 1
38766 38766 1
43492 43492 1
37845 37845 1
36313 36313 1
39838 39838 1
37102 37102 1
39468 39468 1
39886 39886 1
41515 41515 1
38675 38675 1
 
44206 44206 1
36765 36765 1
48348 48348 1
45110 45110 1
56970 56970 1
38903 38903 1
48477 48477 1
50946 50946 1
46094 46094 1
41428 41428 1
42721 42721 1
43040 43040 1
36607 36607 1
40694 40694 1
39937 39937 1
40676 40676 1
43444 43444 1
38126 38126 1
41989 41989 1
38001 38001 1
60013 60013 1
45244 45244 1
43851 43851 1
54797 54797 1
43914 43914 1
 
13622 13622 1
13786 13786 1
13685 13685 1
13747 13747 1
14505 14505 1
13953 13953 1
14143 14143 1
13724 13724 1
14234 14234 1
13589 13589 1
13786 13786 1
15745 15745 1
17261 17261 1
15165 15165 1
15277 15277 1
14126 14126 1
13629 13629 1
13816 13816 1
13343 13343 1
13617 13617 1
13443 13443 1
13664 13664 1
13758 13758 1
13421 13421 1
13691 13691 1
 
===
