625 625 1
1093 1093 1
734 734 1
710 710 1
617 617 1
395 395 1
654 654 1
736 736 1
745 745 1
809 809 1
419 419 1
826 826 1
1101 1101 1
880 880 1
503 503 1
667 667 1
553 553 1
687 687 1
779 779 1
781 781 1
681 681 1
653 653 1
620 620 1
512 512 1
799 799 1
 
1046 1046 1
952 952 1
801 801 1
819 819 1
718 718 1
848 848 1
764 764 1
726 726 1
762 762 1
1273 1273 1
614 614 1
720 720 1
812 812 1
632 632 1
636 636 1
1060 1060 1
654 654 1
767 767 1
794 794 1
761 761 1
751 751 1
980 980 1
972 972 1
967 967 1
974 974 1
 
186 186 1
296 296 1
183 183 1
228 228 1
206 206 1
231 231 1
262 262 1
234 234 1
279 279 1
239 239 1
222 222 1
271 271 1
174 174 1
229 229 1
283 283 1
200 200 1
234 234 1
229 229 1
263 263 1
291 291 1
153 153 1
268 268 1
329 329 1
230 230 1
216 216 1
 
271 271 1
220 220 1
231 231 1
317 317 1
212 212 1
297 297 1
250 250 1
306 306 1
248 248 1
200 200 1
253 253 1
261 261 1
360 360 1
310 310 1
292 292 1
254 254 1
195 195 1
256 256 1
222 222 1
234 234 1
226 226 1
268 268 1
229 229 1
210 210 1
232 232 1
 
230 230 1
276 276 1
352 352 1
299 299 1
286 286 1
190 190 1
263 263 1
321 321 1
285 285 1
270 270 1
249 249 1
349 349 1
232 232 1
322 322 1
303 303 1
265 265 1
323 323 1
302 302 1
210 210 1
327 327 1
330 330 1
271 271 1
230 230 1
266 266 1
324 324 1
 
232 232 1
341 341 1
352 352 1
246 246 1
237 237 1
310 310 1
367 367 1
256 256 1
353 353 1
238 238 1
282 282 1
263 263 1
339 339 1
276 276 1
315 315 1
340 340 1
438 438 1
367 367 1
396 396 1
283 283 1
256 256 1
349 349 1
342 342 1
345 345 1
364 364 1
 
407 407 1
217 217 1
463 463 1
349 349 1
431 431 1
375 375 1
273 273 1
265 265 1
299 299 1
320 320 1
257 257 1
331 331 1
372 372 1
284 284 1
232 232 1
328 328 1
336 336 1
307 307 1
355 355 1
337 337 1
290 290 1
268 268 1
324 324 1
292 292 1
414 414 1
 
385 385 1
318 318 1
388 388 1
380 380 1
370 370 1
351 354 0
298 298 1
356 356 1
317 317 1
385 385 1
391 391 1
326 326 1
368 368 1
374 374 1
321 321 1
313 313 1
424 424 1
294 294 1
319 319 1
442 442 1
312 312 1
343 343 1
335 335 1
413 413 1
310 310 1
 
313 315 0
343 344 0
309 310 0
335 335 1
485 485 1
294 294 1
294 298 0
411 411 1
337 338 0
455 455 1
341 341 1
283 284 0
395 395 1
469 472 0
411 411 1
340 341 0
375 375 1
350 350 1
393 393 1
423 423 1
408 408 1
326 328 0
423 423 1
379 379 1
319 319 1
 
334 334 1
357 359 0
453 453 1
418 418 1
446 449 0
370 372 0
500 500 1
413 413 1
363 369 0
344 350 0
372 378 0
420 426 0
444 444 1
397 399 0
413 413 1
325 329 0
423 423 1
408 409 0
413 418 0
421 422 0
487 487 1
314 317 0
484 487 0
503 503 1
403 407 0
 
432 432 1
282 286 0
398 401 0
321 339 0
483 486 0
472 477 0
397 415 0
433 443 0
487 494 0
372 396 0
386 390 0
447 448 0
333 340 0
452 461 0
454 467 0
392 408 0
307 316 0
395 408 0
469 479 0
443 443 1
391 405 0
372 373 0
403 405 0
368 373 0
403 409 0
 
===
