15485 15485 1
16885 16885 1
14864 14864 1
16042 16042 1
20360 20360 1
16596 16596 1
21459 21459 1
18832 18832 1
18114 18114 1
15117 15117 1
16724 16724 1
15489 15489 1
16405 16405 1
14928 14928 1
15307 15307 1
18655 18655 1
17461 17461 1
16064 16064 1
16281 16281 1
16717 16717 1
17979 17979 1
16767 16767 1
16430 16430 1
19247 19247 1
18852 18852 1
 
15690 15690 1
18464 18464 1
15977 15977 1
19939 19939 1
16378 16378 1
28024 28024 1
26515 26515 1
22154 22154 1
18692 18692 1
18444 18444 1
19522 19522 1
17628 17628 1
19876 19876 1
17881 17881 1
23201 23201 1
21295 21295 1
17197 17197 1
20379 20379 1
21298 21298 1
21525 21525 1
19614 19614 1
20932 20932 1
19877 19877 1
18339 18339 1
20123 20123 1
 
22486 22486 1
22366 22366 1
20399 20399 1
21795 21795 1
26935 26935 1
19885 19885 1
20674 20674 1
25815 25815 1
23674 23674 1
22373 22373 1
21259 21259 1
20269 20269 1
23682 23682 1
25186 25186 1
21008 21008 1
21886 21886 1
21255 21255 1
26518 26518 1
17966 17966 1
22926 22926 1
22429 22429 1
23746 23746 1
21971 21971 1
21354 21354 1
24437 24437 1
 
21821 21821 1
21300 21300 1
23337 23337 1
25567 25567 1
21245 21245 1
25145 25145 1
22797 22797 1
23607 23607 1
23560 23560 1
22199 22199 1
28385 28385 1
23932 23932 1
22290 22290 1
24832 24832 1
53066 53066 1
28891 28891 1
25914 25914 1
24601 24601 1
27270 27270 1
22917 22917 1
23752 23752 1
29441 29441 1
24222 24222 1
20737 20737 1
23989 23989 1
 
26044 26044 1
22491 22491 1
25831 25831 1
30050 30050 1
24689 24689 1
27847 27847 1
26959 26959 1
23078 23078 1
33604 33604 1
32278 32278 1
28610 28610 1
26150 26150 1
29667 29667 1
26647 26647 1
29042 29042 1
26131 26131 1
28052 28052 1
27764 27764 1
25817 25817 1
27880 27880 1
24592 24592 1
26261 26261 1
27852 27852 1
29398 29398 1
28241 28241 1
 
29078 29078 1
29980 29980 1
30669 30669 1
32235 32235 1
28850 28850 1
29033 29033 1
27870 27870 1
30265 30265 1
30359 30359 1
33859 33859 1
31633 31633 1
61884 61884 1
34826 34826 1
28313 28313 1
29942 29942 1
31026 31026 1
30331 30331 1
28278 28278 1
32448 32448 1
28523 28523 1
27922 27922 1
29841 29841 1
32020 32020 1
27040 27040 1
33633 33633 1
 
31330 31330 1
30404 30404 1
32718 32718 1
28440 28440 1
35250 35250 1
32902 32902 1
32490 32490 1
36244 36244 1
32525 32525 1
34012 34012 1
37021 37021 1
33068 33068 1
31558 31558 1
31225 31225 1
34906 34906 1
34695 34695 1
32836 32836 1
35225 35225 1
32624 32624 1
29692 29692 1
35998 35998 1
26728 26728 1
30315 30315 1
38815 38815 1
32265 32265 1
 
29398 29398 1
36341 36341 1
101542 101542 1
34363 34363 1
38275 38275 1
48498 48498 1
36380 36380 1
34519 34519 1
32487 32487 1
35267 35267 1
33035 33035 1
33543 33543 1
35966 35966 1
34019 34019 1
34371 34371 1
35512 35512 1
36655 36655 1
34031 34031 1
39641 39641 1
35152 35152 1
32013 32013 1
37815 37815 1
31774 31774 1
29371 29371 1
40434 40434 1
 
36437 36437 1
36906 36906 1
34039 34039 1
36213 36213 1
36437 36437 1
38797 38797 1
39229 39229 1
34991 34991 1
35635 35635 1
37983 37983 1
37850 37850 1
39001 39001 1
39950 39950 1
76912 76912 1
41371 41371 1
38408 38408 1
39878 39878 1
41402 41402 1
38605 38605 1
39883 39883 1
37345 37345 1
39312 39312 1
39860 39860 1
41386 41386 1
38565 38565 1
 
43786 43786 1
36329 36329 1
48130 48130 1
44549 44549 1
40370 40370 1
34842 34842 1
42758 42758 1
41976 41976 1
43050 43050 1
41526 41526 1
42537 42537 1
42757 42757 1
36376 36376 1
40201 40201 1
39712 39712 1
40518 40518 1
43630 43630 1
37879 37879 1
41830 41830 1
38052 38052 1
38328 38328 1
78031 78031 1
44275 44275 1
54324 54324 1
44286 44286 1
 
45404 45404 1
44365 44365 1
42944 42944 1
40804 40804 1
36238 36238 1
42014 42014 1
43220 43220 1
42771 42771 1
40237 40237 1
34716 34716 1
40568 40568 1
44456 44456 1
39011 39011 1
45635 45635 1
45554 45554 1
37759 37759 1
38371 38371 1
40922 40922 1
39624 39624 1
39549 39549 1
43399 43399 1
42045 42045 1
44026 44026 1
42120 42120 1
45153 45153 1
 
===
