1723 1723 1
1851 1851 1
1552 1552 1
2021 2021 1
837 837 1
879 879 1
1200 1200 1
1470 1470 1
1502 1502 1
1696 1696 1
773 773 1
946 946 1
1270 1270 1
1242 1242 1
792 792 1
3247 3247 1
1066 1066 1
1115 1115 1
1087 1087 1
1092 1092 1
857 857 1
1313 1313 1
1943 1943 1
1156 1156 1
1347 1347 1
 
1258 1258 1
1365 1365 1
955 955 1
947 947 1
1625 1625 1
2070 2070 1
903 903 1
1461 1461 1
1238 1238 1
914 914 1
1032 1032 1
1829 1829 1
922 922 1
2212 2212 1
2142 2142 1
1737 1737 1
1670 1670 1
2242 2242 1
1868 1868 1
1604 1604 1
989 989 1
1776 1776 1
1742 1742 1
822 822 1
906 906 1
 
2526 2526 1
2100 2100 1
1479 1479 1
1263 1263 1
915 915 1
1583 1583 1
1807 1807 1
1043 1043 1
1646 1646 1
1953 1953 1
1663 1663 1
1749 1749 1
2055 2055 1
1305 1305 1
2562 2562 1
2154 2154 1
1285 1285 1
2072 2072 1
2152 2152 1
1868 1868 1
926 926 1
2605 2605 1
1467 1467 1
2058 2058 1
1195 1195 1
 
1921 1921 1
1999 1999 1
1265 1265 1
1933 1933 1
1499 1499 1
1669 1669 1
2052 2052 1
2089 2089 1
1066 1066 1
1315 1315 1
2062 2062 1
1317 1317 1
1270 1270 1
1613 1613 1
1733 1733 1
2320 2320 1
1886 1886 1
2362 2362 1
2245 2245 1
1154 1154 1
2014 2014 1
1421 1421 1
2009 2009 1
1766 1766 1
2001 2001 1
 
1492 1492 1
1654 1654 1
2708 2708 1
1785 1785 1
3338 3338 1
2077 2077 1
1688 1688 1
2019 2019 1
1236 1236 1
2190 2190 1
1327 1327 1
2569 2569 1
1423 1423 1
1520 1520 1
1804 1804 1
1712 1712 1
1547 1547 1
2015 2015 1
2853 2853 1
1218 1218 1
1785 1785 1
2552 2552 1
1494 1494 1
1927 1927 1
1703 1703 1
 
2155 2155 1
1532 1532 1
4783 4783 1
2093 2094 0
2579 2579 1
2237 2237 1
2548 2548 1
2088 2088 1
2450 2450 1
1696 1696 1
2015 2015 1
1468 1468 1
1841 1841 1
2233 2233 1
1415 1415 1
1962 1962 1
1506 1506 1
1156 1156 1
2938 2938 1
2511 2511 1
1422 1422 1
2182 2182 1
1726 1726 1
1184 1184 1
2088 2088 1
 
2607 2607 1
2496 2496 1
2711 2711 1
1684 1684 1
1965 1965 1
2688 2688 1
2806 2806 1
2334 2334 1
2896 2896 1
2500 2500 1
2521 2522 0
1980 1980 1
1935 1935 1
2376 2376 1
1960 1960 1
1918 1918 1
1570 1570 1
2153 2154 0
3084 3084 1
1828 1828 1
2478 2478 1
2792 2792 1
2258 2258 1
2024 2025 0
3119 3119 1
 
3038 3038 1
2948 2948 1
2481 2481 1
3789 3789 1
1763 1763 1
2846 2849 0
1622 1625 0
2226 2228 0
1555 1555 1
2062 2062 1
1749 1750 0
3113 3113 1
3534 3534 1
2332 2332 1
2421 2421 1
3236 3236 1
3018 3018 1
2009 2010 0
3455 3455 1
2369 2370 0
4842 4844 0
1944 1944 1
2202 2204 0
1459 1461 0
1836 1838 0
 
3239 3254 0
2161 2183 0
2721 2747 0
2929 2931 0
3703 3734 0
2584 2614 0
3239 3240 0
2436 2445 0
2422 2425 0
2415 2427 0
1947 1970 0
3119 3123 0
2625 2632 0
2285 2289 0
3272 3281 0
1551 1587 0
2019 2042 0
2665 2668 0
2870 2884 0
3118 3134 0
2497 2501 0
2676 2677 0
3636 3639 0
1605 1606 0
2136 2141 0
 
3512 3544 0
2979 2985 0
2181 2191 0
3516 3582 0
1902 2018 0
1865 1968 0
2819 2861 0
3792 3846 0
2514 2568 0
3416 3450 0
2852 2901 0
2478 2496 0
2318 2368 0
3405 3489 0
2116 2199 0
2296 2343 0
3368 3386 0
2128 2216 0
3246 3261 0
2858 2868 0
3838 3869 0
3460 3540 0
5123 5165 0
2886 3046 0
2670 2682 0
 
2642 2829 0
3001 3080 0
2285 2509 0
2482 2656 0
2538 2750 0
2560 2772 0
2151 2326 0
5213 5722 0
3103 3476 0
2767 3121 0
2336 2418 0
3853 4037 0
4303 4451 0
4377 4667 0
2653 2834 0
3266 3508 0
2357 2501 0
2416 2609 0
2187 2468 0
2391 2618 0
3550 3795 0
3084 3427 0
2953 3330 0
2685 2918 0
2966 3297 0
 
===
