3712 3712 1
2919 2919 1
3388 3388 1
3455 3455 1
1877 1877 1
2737 2737 1
2843 2843 1
3079 3079 1
5171 5171 1
4384 4384 1
3902 3902 1
4065 4065 1
3626 3626 1
3685 3685 1
2865 2865 1
3784 3784 1
3933 3933 1
4217 4217 1
2679 2679 1
3754 3754 1
3871 3871 1
3802 3802 1
2112 2112 1
3001 3001 1
4950 4950 1
 
3407 3407 1
2769 2769 1
3256 3256 1
5238 5238 1
4424 4424 1
3857 3857 1
2661 2661 1
3823 3823 1
3922 3922 1
4490 4490 1
3191 3191 1
3034 3034 1
3925 3925 1
3272 3272 1
4361 4361 1
3593 3593 1
3851 3851 1
3597 3597 1
3139 3139 1
3934 3934 1
3590 3590 1
3566 3566 1
3807 3807 1
5564 5564 1
4268 4268 1
 
4109 4109 1
3970 3970 1
3574 3574 1
5403 5403 1
3405 3405 1
3759 3759 1
3320 3320 1
3848 3848 1
6046 6046 1
4126 4126 1
4458 4458 1
4519 4519 1
4395 4395 1
3980 3980 1
3811 3811 1
4525 4525 1
4495 4495 1
4872 4872 1
5949 5949 1
4679 4679 1
3294 3294 1
4474 4474 1
4102 4102 1
3993 3993 1
4667 4667 1
 
4127 4127 1
5637 5637 1
4172 4172 1
3494 3494 1
7058 7058 1
4909 4909 1
3734 3734 1
4290 4290 1
6371 6371 1
4928 4928 1
6357 6357 1
5824 5824 1
5650 5650 1
4306 4306 1
4642 4642 1
4274 4274 1
4583 4583 1
3494 3494 1
5559 5559 1
4167 4167 1
4177 4177 1
5959 5959 1
5013 5013 1
4287 4287 1
5548 5548 1
 
6513 6513 1
4415 4415 1
6705 6705 1
5101 5101 1
4855 4855 1
4695 4695 1
5781 5781 1
5166 5166 1
6825 6825 1
5145 5145 1
5023 5023 1
5827 5827 1
3758 3758 1
4179 4179 1
4419 4419 1
5444 5444 1
4504 4504 1
5975 5975 1
5879 5879 1
4478 4478 1
6871 6871 1
5359 5359 1
6624 6624 1
6710 6710 1
7101 7101 1
 
6683 6683 1
5468 5468 1
7214 7214 1
5592 5592 1
6561 6561 1
6099 6099 1
6437 6437 1
4636 4636 1
5150 5150 1
7227 7227 1
6354 6354 1
5036 5036 1
8168 8168 1
5342 5342 1
5345 5345 1
6770 6770 1
6093 6093 1
4276 4276 1
6743 6743 1
7466 7466 1
5408 5408 1
7762 7762 1
6118 6118 1
5867 5867 1
5787 5787 1
 
7187 7187 1
6863 6863 1
4982 4982 1
5239 5239 1
6095 6095 1
6631 6631 1
6875 6875 1
6087 6087 1
5405 5405 1
7091 7091 1
7949 7949 1
5664 5664 1
6592 6592 1
8399 8399 1
6677 6677 1
6259 6259 1
7727 7727 1
7579 7579 1
5885 5885 1
6576 6576 1
7774 7774 1
7058 7058 1
7656 7656 1
5913 5913 1
5486 5486 1
 
7535 7535 1
6170 6170 1
8461 8461 1
7855 7855 1
7856 7856 1
6631 6631 1
6139 6139 1
9047 9047 1
7079 7079 1
8341 8341 1
9464 9464 1
5916 5916 1
6122 6122 1
6609 6609 1
5754 5754 1
8579 8579 1
5014 5014 1
6263 6263 1
7571 7571 1
5482 5482 1
8262 8262 1
5719 5719 1
7746 7746 1
7081 7081 1
6096 6096 1
 
9422 9422 1
8780 8780 1
8899 8899 1
7740 7740 1
7551 7551 1
6300 6300 1
8495 8495 1
7889 7889 1
6147 6147 1
8285 8285 1
8476 8476 1
5049 5049 1
8825 8825 1
8726 8726 1
8408 8408 1
10549 10549 1
8343 8343 1
10293 10293 1
7703 7703 1
8107 8107 1
8886 8886 1
6189 6189 1
8484 8484 1
8902 8902 1
5361 5361 1
 
7863 7863 1
8601 8601 1
6374 6374 1
7202 7202 1
8535 8535 1
10171 10171 1
8813 8813 1
9764 9764 1
7261 7261 1
9089 9089 1
6770 6770 1
10436 10436 1
10382 10382 1
6606 6606 1
8224 8224 1
6796 6796 1
7802 7802 1
6284 6284 1
8584 8584 1
7517 7517 1
8116 8116 1
7738 7738 1
11517 11517 1
6746 6746 1
9765 9765 1
 
9958 9958 1
7663 7663 1
10467 10467 1
6534 6534 1
8773 8773 1
10297 10297 1
8773 8773 1
8058 8058 1
7802 7802 1
7601 7601 1
7450 7450 1
8478 8478 1
9726 9726 1
11029 11029 1
7510 7510 1
9494 9494 1
11885 11885 1
6729 6729 1
8587 8587 1
10492 10492 1
8864 8864 1
8472 8472 1
9834 9834 1
8749 8749 1
8895 8895 1
 
===
