625 625 1
1093 1093 1
735 735 1
712 712 1
617 617 1
395 395 1
654 654 1
735 735 1
747 747 1
809 809 1
419 419 1
826 826 1
1101 1101 1
880 880 1
503 503 1
667 667 1
553 553 1
687 687 1
779 779 1
781 781 1
681 681 1
653 653 1
620 620 1
512 512 1
799 799 1
 
1046 1046 1
953 953 1
801 801 1
819 819 1
562 562 1
848 848 1
764 764 1
725 725 1
657 657 1
1112 1112 1
556 556 1
673 673 1
790 790 1
631 631 1
635 635 1
1056 1056 1
841 841 1
827 827 1
833 833 1
949 949 1
780 780 1
983 983 1
938 938 1
968 968 1
990 990 1
 
184 184 1
293 293 1
181 181 1
229 229 1
205 205 1
229 229 1
264 264 1
236 236 1
279 279 1
237 237 1
218 218 1
266 266 1
176 176 1
227 227 1
283 283 1
200 200 1
235 235 1
225 225 1
265 265 1
292 292 1
154 154 1
269 269 1
306 306 1
229 229 1
218 218 1
 
269 269 1
219 219 1
232 232 1
325 325 1
213 213 1
306 306 1
251 251 1
305 305 1
246 246 1
199 199 1
252 252 1
264 264 1
367 367 1
315 315 1
293 293 1
254 254 1
198 198 1
279 279 1
222 222 1
230 230 1
226 226 1
268 268 1
229 229 1
210 210 1
233 233 1
 
230 230 1
277 277 1
353 353 1
297 297 1
286 286 1
190 190 1
263 263 1
321 321 1
285 285 1
270 270 1
249 249 1
349 349 1
232 232 1
321 321 1
303 303 1
266 266 1
322 322 1
302 302 1
210 210 1
327 327 1
330 330 1
271 271 1
232 232 1
266 266 1
323 323 1
 
232 232 1
340 340 1
353 353 1
246 246 1
237 237 1
310 310 1
365 365 1
257 257 1
353 353 1
238 238 1
282 282 1
264 264 1
338 338 1
276 276 1
317 317 1
340 340 1
440 440 1
367 367 1
394 394 1
282 282 1
256 256 1
349 349 1
342 342 1
344 344 1
366 366 1
 
406 406 1
216 216 1
464 464 1
350 350 1
430 430 1
375 375 1
273 273 1
265 265 1
299 299 1
314 314 1
257 257 1
331 331 1
371 371 1
284 284 1
232 232 1
328 328 1
336 336 1
301 301 1
355 355 1
337 337 1
290 290 1
268 268 1
325 325 1
292 292 1
417 417 1
 
384 384 1
318 318 1
392 392 1
380 380 1
371 371 1
354 357 0
299 299 1
358 358 1
318 318 1
384 384 1
390 390 1
325 325 1
365 365 1
373 373 1
321 321 1
366 366 1
520 520 1
390 390 1
321 321 1
452 452 1
315 315 1
345 345 1
339 339 1
425 425 1
317 317 1
 
314 317 0
369 370 0
315 316 0
341 341 1
497 497 1
302 302 1
300 306 0
416 416 1
342 344 0
469 469 1
343 343 1
285 286 0
403 403 1
482 485 0
417 417 1
361 362 0
377 377 1
356 356 1
397 397 1
435 435 1
423 423 1
332 335 0
426 426 1
361 361 1
324 324 1
 
340 340 1
361 363 0
453 453 1
418 418 1
444 447 0
371 373 0
501 501 1
413 413 1
363 369 0
346 352 0
371 379 0
417 425 0
442 442 1
398 400 0
414 414 1
321 326 0
426 426 1
410 411 0
411 418 0
419 420 0
488 489 0
313 317 0
484 487 0
503 503 1
402 406 0
 
433 433 1
282 286 0
397 401 0
318 338 0
484 488 0
470 479 0
394 416 0
433 443 0
482 491 0
370 398 0
382 390 0
447 449 0
330 339 0
451 461 0
456 469 0
388 409 0
304 316 0
395 409 0
467 477 0
443 443 1
391 406 0
373 374 0
401 404 0
368 373 0
401 409 0

245 433 0
272 537 0
268 416 0
363 552 0
380 542 0
342 492 0
220 387 0
347 558 0
281 484 0
299 514 0
246 391 0
326 588 0
239 464 0
273 450 0
236 436 0
343 546 0
336 497 0
224 403 0
213 363 0
230 386 0
411 605 0
325 501 0
254 436 0
239 381 0
193 345 0
 
290 595 0
336 612 0
209 487 0
209 451 0
264 550 0
133 319 0
273 606 0
182 418 0
284 603 0
275 578 0
267 525 0
141 372 0
199 462 0
164 394 0
280 558 0
193 425 0
318 558 0
214 428 0
200 442 0
224 440 0
188 427 0
134 343 0
221 479 0
159 393 0
201 497 0

===
