16295 16295 1
17487 17487 1
15425 15425 1
17696 17696 1
22871 22871 1
17176 17176 1
22551 22551 1
19061 19061 1
18512 18512 1
15142 15142 1
17102 17102 1
15455 15455 1
16367 16367 1
14931 14931 1
15300 15300 1
18613 18613 1
16873 16873 1
16138 16138 1
16445 16445 1
16676 16676 1
17934 17934 1
16769 16769 1
16375 16375 1
19283 19283 1
18877 18877 1
 
15679 15679 1
18581 18581 1
15894 15894 1
20003 20003 1
16393 16393 1
17321 17321 1
20891 20891 1
37628 37628 1
19049 19049 1
18710 18710 1
19728 19728 1
17423 17423 1
22346 22346 1
18976 18976 1
23182 23182 1
24345 24345 1
19006 19006 1
20535 20535 1
21310 21310 1
21515 21515 1
19590 19590 1
20878 20878 1
20002 20002 1
18382 18382 1
20141 20141 1
 
22102 22102 1
22366 22366 1
20460 20460 1
21783 21783 1
26940 26940 1
19926 19926 1
20738 20738 1
25946 25946 1
23673 23673 1
22386 22386 1
21263 21263 1
20247 20247 1
23662 23662 1
56667 56667 1
22443 22443 1
23852 23852 1
22723 22723 1
28133 28133 1
19281 19281 1
23650 23650 1
23682 23682 1
24788 24788 1
21980 21980 1
22264 22264 1
24598 24598 1
 
21919 21919 1
21394 21394 1
23550 23550 1
25521 25521 1
21322 21322 1
25262 25262 1
22813 22813 1
23591 23591 1
23480 23480 1
22248 22248 1
28467 28467 1
24024 24024 1
22424 22424 1
24881 24881 1
27223 27223 1
44661 44661 1
27602 27602 1
25804 25804 1
27430 27430 1
23946 23946 1
23841 23841 1
29041 29041 1
24986 24986 1
21003 21003 1
23942 23942 1
 
26099 26099 1
22840 22840 1
25263 25263 1
30313 30313 1
24733 24733 1
27985 27985 1
28030 28030 1
23047 23047 1
33763 33763 1
32180 32180 1
28653 28653 1
23550 23550 1
29436 29436 1
26683 26683 1
29024 29024 1
50269 50269 1
30678 30678 1
30268 30268 1
27662 27662 1
29256 29256 1
26520 26520 1
28014 28014 1
28032 28032 1
29620 29620 1
28223 28223 1
 
29070 29070 1
30292 30292 1
30839 30839 1
32327 32327 1
28742 28742 1
29044 29044 1
28007 28007 1
30246 30246 1
30164 30164 1
33893 33893 1
31666 31666 1
27434 27434 1
53880 53880 1
29352 29352 1
35261 35261 1
30888 30888 1
30343 30343 1
28396 28396 1
34162 34162 1
28509 28509 1
27514 27514 1
29930 29930 1
32298 32298 1
27113 27113 1
33850 33850 1
 
31488 31488 1
30495 30495 1
32810 32810 1
28119 28119 1
36126 36126 1
32750 32750 1
32307 32307 1
36205 36205 1
32706 32706 1
38680 38680 1
41239 41239 1
35816 35816 1
34632 34632 1
33797 33797 1
38039 38039 1
34865 34865 1
33149 33149 1
35409 35409 1
32693 32693 1
29652 29652 1
36134 36134 1
26726 26726 1
30256 30256 1
38961 38961 1
32343 32343 1
 
29507 29507 1
36346 36346 1
37352 37352 1
72668 72668 1
39039 39039 1
48543 48543 1
36133 36133 1
34386 34386 1
35213 35213 1
36892 36892 1
32763 32763 1
33291 33291 1
36136 36136 1
34054 34054 1
34470 34470 1
35728 35728 1
36340 36340 1
34192 34192 1
39665 39665 1
35283 35283 1
32048 32048 1
37843 37843 1
38708 38708 1
32138 32138 1
45153 45153 1
 
40447 40447 1
40875 40875 1
38730 38730 1
36422 36422 1
37400 37400 1
38708 38708 1
39471 39471 1
35060 35060 1
35866 35866 1
37676 37676 1
38078 38078 1
39317 39317 1
39877 39877 1
37899 37899 1
93102 93102 1
42294 42294 1
39314 39314 1
41336 41336 1
39094 39094 1
40924 40924 1
37038 37038 1
39349 39349 1
39842 39842 1
41567 41567 1
38531 38531 1
 
43818 43818 1
36469 36469 1
48360 48360 1
44583 44583 1
40337 40337 1
34850 34850 1
51971 51971 1
47549 47549 1
50388 50388 1
45366 45366 1
47454 47454 1
43483 43483 1
36486 36486 1
40553 40553 1
40076 40076 1
40819 40819 1
44276 44276 1
38061 38061 1
42064 42064 1
38108 38108 1
38089 38089 1
39675 39675 1
85138 85138 1
51435 51435 1
45443 45443 1
 
53017 53017 1
17590 17590 1
13461 13461 1
40848 40848 1
36156 36156 1
41103 41103 1
43436 43436 1
42840 42840 1
39818 39818 1
34760 34760 1
40435 40435 1
13146 13146 1
39134 39134 1
21567 21567 1
43310 43310 1
41926 41926 1
42909 42909 1
52102 52102 1
39595 39595 1
21220 21220 1
39928 39928 1
21140 21140 1
15566 15566 1
35255 35255 1
27449 27449 1

10905 15323 0
11661 15423 0
12075 15382 0
12008 15436 0
11722 15275 0
11551 15269 0
10036 15542 0
11645 15210 0
10100 15864 0
14503 17800 0
14725 18231 0
11320 17069 0
14317 17246 0
9359 15693 0
11678 15927 0
10795 15529 0
9330 15691 0
11875 15502 0
10817 15427 0
11799 15538 0
11739 15370 0
10612 15440 0
11048 15320 0
11912 15355 0
19278 23309 0
 
6750 21346 0
5410 17958 0
5683 17864 0
4844 16487 0
5451 16398 0
5372 16723 0
5465 16341 0
5738 16118 0
5493 16018 0
5399 16149 0
5215 16347 0
4720 16128 0
5339 16058 0
15166 44735 0
5818 18196 0
5263 17700 0
5476 17939 0
6360 17853 0
5046 16422 0
4997 16399 0
4953 16194 0
5364 16197 0
4617 16232 0
5175 16239 0
4831 16229 0

===
