1723 1723 1
1856 1856 1
1552 1552 1
2022 2022 1
837 837 1
879 879 1
1201 1201 1
1471 1471 1
1500 1500 1
1696 1696 1
774 774 1
946 946 1
1270 1270 1
1242 1242 1
791 791 1
3247 3247 1
1066 1066 1
1115 1115 1
1088 1088 1
1092 1092 1
856 856 1
1313 1313 1
1941 1941 1
1156 1156 1
1346 1346 1
 
1259 1259 1
1365 1365 1
955 955 1
947 947 1
1626 1626 1
2071 2071 1
904 904 1
1461 1461 1
1238 1238 1
914 914 1
1034 1034 1
1830 1830 1
923 923 1
2210 2210 1
2142 2142 1
1737 1737 1
1668 1668 1
2242 2242 1
1868 1868 1
1604 1604 1
989 989 1
1776 1776 1
1742 1742 1
822 822 1
908 908 1
 
2526 2526 1
2091 2091 1
1492 1492 1
1263 1263 1
918 918 1
1583 1583 1
1807 1807 1
1043 1043 1
1646 1646 1
1953 1953 1
1663 1663 1
1748 1748 1
2054 2054 1
1305 1305 1
2562 2562 1
2154 2154 1
1285 1285 1
2071 2071 1
2152 2152 1
1869 1869 1
926 926 1
2605 2605 1
1467 1467 1
2059 2059 1
1196 1196 1
 
1920 1920 1
2001 2001 1
1264 1264 1
1933 1933 1
1498 1498 1
1670 1670 1
2055 2055 1
2089 2089 1
1066 1066 1
1328 1328 1
2062 2062 1
1317 1317 1
1270 1270 1
1613 1613 1
1732 1732 1
2318 2318 1
1886 1886 1
2361 2361 1
2246 2246 1
1156 1156 1
2013 2013 1
1421 1421 1
2007 2007 1
1766 1766 1
2000 2000 1
 
1492 1492 1
1655 1655 1
2706 2706 1
1787 1787 1
3339 3339 1
2077 2077 1
1688 1688 1
2013 2013 1
1236 1236 1
2189 2189 1
1327 1327 1
2541 2541 1
1423 1423 1
1518 1518 1
1803 1803 1
1712 1712 1
1638 1638 1
2310 2310 1
3008 3008 1
1306 1306 1
1907 1907 1
2557 2557 1
1512 1512 1
1941 1941 1
1709 1709 1
 
2170 2170 1
1612 1612 1
4807 4807 1
2147 2148 0
2583 2583 1
2245 2245 1
2568 2568 1
2099 2099 1
2455 2455 1
1702 1702 1
2019 2019 1
1487 1487 1
1848 1848 1
2242 2242 1
1423 1423 1
1979 1979 1
1513 1513 1
1164 1164 1
2950 2950 1
2521 2521 1
1425 1425 1
2201 2201 1
1732 1732 1
1197 1197 1
2078 2078 1
 
2603 2603 1
2521 2521 1
2724 2724 1
1689 1689 1
1975 1975 1
2715 2715 1
2831 2831 1
2360 2360 1
2926 2926 1
2512 2512 1
2530 2531 0
1991 1991 1
1945 1945 1
2394 2394 1
1977 1977 1
1928 1928 1
1580 1580 1
2164 2165 0
3099 3099 1
1835 1835 1
2487 2487 1
2925 2925 1
2268 2268 1
2048 2049 0
3129 3129 1
 
3049 3049 1
2960 2960 1
2505 2506 0
3895 3895 1
1785 1785 1
2884 2887 0
1623 1626 0
2229 2231 0
1553 1553 1
2061 2061 1
1750 1751 0
3112 3112 1
3531 3531 1
2332 2332 1
2422 2422 1
3232 3232 1
3017 3017 1
2002 2004 0
3459 3459 1
2369 2371 0
4841 4844 0
1947 1947 1
2199 2201 0
1469 1471 0
1835 1837 0
 
3232 3254 0
2151 2180 0
2709 2747 0
2931 2933 0
3698 3737 0
2580 2617 0
3241 3242 0
2432 2442 0
2422 2428 0
2418 2431 0
1947 1973 0
3119 3125 0
2622 2631 0
2282 2287 0
3268 3279 0
1547 1587 0
2012 2040 0
2667 2670 0
2869 2884 0
3113 3134 0
2498 2502 0
2672 2673 0
3632 3635 0
1602 1603 0
2135 2140 0
 
3504 3544 0
2976 2985 0
2176 2190 0
3504 3588 0
1887 2018 0
1855 1968 0
2810 2862 0
3778 3851 0
2502 2567 0
3410 3448 0
2844 2903 0
2470 2494 0
2298 2367 0
3394 3492 0
2101 2198 0
2280 2343 0
3369 3394 0
2112 2216 0
3250 3266 0
2858 2871 0
3827 3866 0
3443 3539 0
5105 5168 0
2846 3044 0
2662 2683 0
 
2581 2837 0
2937 3082 0
2217 2512 0
2433 2656 0
2428 2749 0
2474 2772 0
2063 2323 0
4955 5730 0
2994 3480 0
2684 3121 0
2301 2422 0
3774 4022 0
4220 4448 0
4262 4666 0
2547 2834 0
3179 3508 0
2286 2497 0
2340 2606 0
2124 2473 0
2353 2605 0
3437 3795 0
2993 3427 0
2851 3333 0
2607 2922 0
2882 3295 0
 
===
