3711 3711 1
2916 2916 1
3394 3394 1
3453 3453 1
1853 1853 1
2738 2738 1
2857 2857 1
3077 3077 1
5193 5193 1
4391 4391 1
3902 3902 1
4061 4061 1
3628 3628 1
3689 3689 1
2864 2864 1
3785 3785 1
3935 3935 1
4218 4218 1
2679 2679 1
3762 3762 1
3844 3844 1
3801 3801 1
2115 2115 1
2990 2990 1
4953 4953 1
 
3410 3410 1
2768 2768 1
3256 3256 1
5259 5259 1
4424 4424 1
3858 3858 1
2661 2661 1
3824 3824 1
3399 3399 1
3608 3608 1
3099 3099 1
3003 3003 1
4601 4601 1
3753 3753 1
4567 4567 1
3630 3630 1
3712 3712 1
3642 3642 1
3082 3082 1
3888 3888 1
3647 3647 1
3588 3588 1
3837 3837 1
5520 5520 1
4368 4368 1
 
4137 4137 1
3970 3970 1
3710 3710 1
5449 5449 1
3379 3379 1
3745 3745 1
3403 3403 1
3835 3835 1
6036 6036 1
4141 4141 1
5697 5697 1
4517 4517 1
4460 4460 1
3999 3999 1
3724 3724 1
4540 4540 1
4531 4531 1
4820 4820 1
5984 5984 1
4672 4672 1
3308 3308 1
4566 4566 1
4128 4128 1
4050 4050 1
4722 4722 1
 
4215 4215 1
5640 5640 1
4173 4173 1
3492 3492 1
7060 7060 1
4909 4909 1
3735 3735 1
4275 4275 1
6375 6375 1
4935 4935 1
6363 6363 1
5826 5826 1
5656 5656 1
4341 4341 1
4644 4644 1
4273 4273 1
4581 4581 1
3496 3496 1
5553 5553 1
4167 4167 1
4168 4168 1
5821 5821 1
5013 5013 1
4291 4291 1
5552 5552 1
 
6515 6515 1
4415 4415 1
6703 6703 1
5104 5104 1
4858 4858 1
4690 4690 1
5845 5845 1
5169 5169 1
6827 6827 1
5211 5211 1
5023 5023 1
5819 5819 1
3755 3755 1
4177 4177 1
4428 4428 1
5435 5435 1
4436 4436 1
5981 5981 1
5877 5877 1
4483 4483 1
6806 6806 1
5361 5361 1
6626 6626 1
6697 6697 1
7116 7116 1
 
6689 6689 1
5463 5463 1
7203 7203 1
5591 5591 1
6566 6566 1
6045 6045 1
6500 6500 1
4649 4649 1
5157 5157 1
7227 7227 1
6359 6359 1
5038 5038 1
8184 8184 1
5327 5327 1
5357 5357 1
6726 6726 1
6079 6079 1
4269 4269 1
6745 6745 1
7473 7473 1
5422 5422 1
7770 7770 1
6132 6132 1
5887 5887 1
7013 7013 1
 
9494 9494 1
7072 7072 1
5058 5058 1
5361 5361 1
6204 6204 1
6712 6712 1
6930 6930 1
6214 6214 1
5477 5477 1
7261 7261 1
8129 8129 1
5782 5782 1
6712 6712 1
8679 8679 1
6797 6797 1
5829 5829 1
7825 7825 1
7745 7745 1
5962 5962 1
6678 6678 1
7909 7909 1
7175 7175 1
7939 7939 1
6035 6035 1
5560 5560 1
 
7639 7639 1
6197 6197 1
8458 8458 1
7878 7878 1
7867 7867 1
6655 6655 1
6130 6130 1
9068 9068 1
7087 7087 1
8341 8341 1
9468 9468 1
5917 5917 1
6095 6095 1
6626 6626 1
5739 5739 1
8594 8594 1
5013 5013 1
6260 6260 1
7566 7566 1
5498 5498 1
8262 8262 1
5722 5722 1
7746 7746 1
7081 7081 1
6175 6175 1
 
9423 9423 1
8787 8787 1
8952 8952 1
7748 7748 1
8516 8516 1
6295 6295 1
8491 8491 1
7883 7883 1
6140 6140 1
8284 8284 1
8477 8477 1
5041 5041 1
8877 8877 1
8709 8709 1
8414 8414 1
10543 10543 1
8759 8759 1
10306 10306 1
7703 7703 1
8090 8090 1
8878 8878 1
6213 6213 1
8474 8474 1
8884 8884 1
5362 5362 1
 
7886 7886 1
8648 8648 1
6368 6368 1
7170 7170 1
8552 8552 1
7793 7793 1
8397 8397 1
12760 12760 1
9185 9185 1
9252 9252 1
6719 6719 1
10441 10441 1
10400 10400 1
7553 7553 1
8292 8292 1
6785 6785 1
7860 7860 1
6339 6339 1
8650 8650 1
7488 7488 1
8206 8206 1
7744 7744 1
11406 11406 1
6841 6841 1
9809 9809 1
 
9813 9813 1
7746 7746 1
10661 10661 1
6541 6541 1
8859 8859 1
10449 10449 1
9556 9556 1
8054 8054 1
7810 7810 1
7596 7596 1
7514 7514 1
8485 8485 1
9689 9689 1
11222 11222 1
7501 7501 1
10837 10837 1
11784 11784 1
6733 6733 1
8516 8516 1
10504 10504 1
8864 8864 1
8473 8473 1
9833 9833 1
8753 8753 1
8901 8901 1

3159 8363 0
3045 10289 0
2643 7747 0
2008 6922 0
3199 9463 0
3310 11597 0
2595 8682 0
3494 12143 0
2517 6785 0
2512 8144 0
2460 7953 0
2832 9104 0
2864 7395 0
2461 6965 0
2725 7622 0
2597 7935 0
3109 8030 0
3117 10008 0
2808 8074 0
2365 7004 0
2858 7995 0
2745 8493 0
2928 9822 0
3154 9589 0
2313 8896 0
 
1003 8767 0
1026 8023 0
1039 8730 0
1103 8900 0
993 8478 0
866 7227 0
939 7054 0
1168 9668 0
961 7929 0
1277 9903 0
1247 9214 0
1046 9718 0
954 8460 0
1100 9861 0
1130 9262 0
1075 10459 0
1141 9674 0
1068 9050 0
1040 8578 0
999 8961 0
1075 9115 0
743 6565 0
1270 9797 0
1306 10385 0
1372 11265 0
 
===
