634 718 0
1478 1554 0
719 777 0
1698 1698 1
2554 2554 1
483 483 1
1158 1371 0
705 757 0
593 593 1
701 895 0
232 356 0
112 200 0
1276 1285 0
489 493 0
131 229 0
190 240 0
299 360 0
564 564 1
180 233 0
399 529 0
1014 1014 1
245 299 0
885 920 0
1116 1309 0
560 661 0
 
1540 1641 0
1178 1228 0
6 322 0
1933 2004 0
1432 1750 0
769 1246 0
675 806 0
363 549 0
922 1088 0
1797 1797 1
116 440 0
1552 1630 0
815 870 0
1179 1226 0
1271 1367 0
407 530 0
895 999 0
1592 1646 0
1318 1370 0
407 512 0
700 809 0
1294 1352 0
440 822 0
708 820 0
1063 1288 0
 
1529 1693 0
1215 1324 0
2118 2289 0
2088 2215 0
992 1138 0
1331 1436 0
1877 2112 0
2862 2951 0
2013 2309 0
946 1051 0
1004 1200 0
1346 1481 0
9 295 0
1143 1755 0
1541 1785 0
2324 2426 0
1308 1522 0
1781 1887 0
1327 1645 0
4377 4580 0
2737 2742 0
2160 2544 0
1609 1963 0
1296 1718 0
417 662 0
 
2387 2594 0
3439 3755 0
2280 2712 0
1220 1427 0
4186 4410 0
1727 1982 0
1668 2012 0
1247 1639 0
2857 3495 0
3539 4088 0
1630 2155 0
1202 1300 0
4812 5053 0
1331 1563 0
2134 2312 0
1931 3083 0
2060 2267 0
2938 3675 0
1774 2019 0
1929 2096 0
1321 1801 0
2944 3348 0
2405 2600 0
2128 2351 0
2836 3660 0
 
1392 1695 0
1871 2104 0
2152 3138 0
1655 1901 0
2099 2304 0
1025 1366 0
2198 2589 0
1920 2378 0
1016 1664 0
1461 1641 0
1306 1600 0
2531 2812 0
2442 3116 0
1473 1722 0
1095 1369 0
509 725 0
2235 3206 0
2674 3087 0
2674 3079 0
2656 3182 0
1554 2112 0
2178 2638 0
3766 4154 0
197 911 0
803 1109 0
 
===
