688 688 1
2537 2542 0
1117 1117 1
769 769 1
979 979 1
515 515 1
1824 1826 0
1008 1008 1
1878 1879 0
1307 1307 1
2441 2443 0
1082 1082 1
2047 2053 0
875 875 1
1981 1981 1
1159 1159 1
1477 1477 1
1004 1004 1
717 717 1
864 864 1
1262 1262 1
791 791 1
1103 1103 1
1010 1010 1
1850 1850 1
 
1887 1899 0
2050 2050 1
2642 2642 1
2343 2365 0
2785 2844 0
1729 1729 1
2219 2225 0
2514 2524 0
3140 3149 0
2656 2663 0
1895 1895 1
2723 2753 0
3553 3583 0
2584 2586 0
2549 2549 1
2681 2686 0
1967 2025 0
2773 2777 0
3443 3451 0
2272 2284 0
1756 1756 1
1640 1640 1
1976 1976 1
2654 2669 0
2548 2548 1
 
3183 3186 0
3103 3116 0
5526 5565 0
1887 1892 0
3017 3024 0
3365 3371 0
3846 3848 0
4720 4756 0
2686 2694 0
4063 4081 0
3280 3281 0
2605 2605 1
2732 2732 1
3766 3796 0
3646 3648 0
2671 2672 0
3355 3425 0
2725 2725 1
2726 2781 0
4133 4140 0
2786 2825 0
3928 4082 0
3023 3023 1
2925 2955 0
3092 3104 0
 
3887 4401 0
3610 3894 0
3443 3592 0
3300 3455 0
4768 5013 0
3863 4569 0
5245 5901 0
4672 4822 0
2903 3012 0
3505 4149 0
4269 4743 0
3899 4308 0
3667 3852 0
4190 4655 0
3466 3485 0
3709 3896 0
3828 4391 0
4557 4927 0
5094 5221 0
4005 4177 0
5285 5701 0
3703 4139 0
4020 4101 0
4288 4772 0
4436 5130 0
 
495 3805 0
430 3865 0
319 3549 0
467 4974 0
311 3331 0
403 3696 0
285 3224 0
421 3809 0
539 5418 0
360 4109 0
335 4366 0
456 4493 0
481 4119 0
344 3884 0
391 3686 0
420 4437 0
487 4303 0
370 4547 0
463 5326 0
377 4356 0
283 3267 0
358 4425 0
460 3870 0
526 3921 0
492 4652 0
 
===
