4515 4515 1
5141 5141 1
4140 4140 1
7223 7223 1
4896 4896 1
4263 4263 1
5935 5935 1
5939 5939 1
4754 4754 1
4215 4215 1
3724 3724 1
4311 4311 1
6606 6606 1
5674 5674 1
5267 5267 1
5452 5452 1
4975 4975 1
5162 5162 1
6239 6239 1
6224 6224 1
4680 4680 1
6214 6214 1
5052 5052 1
4677 4677 1
5165 5165 1
 
13064 13065 0
13008 13010 0
9444 9445 0
13286 13288 0
9466 9466 1
13601 13601 1
10096 10097 0
10885 10885 1
11869 11870 0
9600 9601 0
12689 12691 0
13140 13141 0
9342 9342 1
12787 12787 1
9020 9020 1
12736 12738 0
9681 9681 1
10738 10739 0
11028 11028 1
9997 9997 1
9703 9703 1
11898 11898 1
10368 10368 1
12853 12855 0
9063 9063 1
 
15542 15546 0
19356 19360 0
17026 17036 0
14848 14851 0
16000 16011 0
15507 15509 0
13927 13929 0
16549 16562 0
16324 16334 0
15039 15042 0
18071 18072 0
17283 17301 0
16643 16651 0
14334 14343 0
12298 12298 1
13666 13672 0
15474 15486 0
15730 15737 0
15233 15245 0
12796 12805 0
29902 29922 0
14498 14499 0
20484 20488 0
15167 15186 0
13292 13294 0
 
25554 25828 0
23867 24114 0
24352 24721 0
21995 22257 0
24237 24408 0
19090 19472 0
21114 21294 0
18944 19214 0
22339 22835 0
21657 21922 0
17820 17943 0
25143 25898 0
22701 23116 0
21414 21589 0
19233 19344 0
20995 21307 0
20766 21070 0
21589 21924 0
21522 21697 0
21194 21331 0
18281 18359 0
23157 24083 0
16930 17239 0
19716 19881 0
20457 20604 0
 
2588 20709 0
5066 39374 0
2791 21375 0
2648 21625 0
2845 26111 0
2393 19302 0
1919 20335 0
2537 24230 0
2680 22330 0
2273 21260 0
2291 21085 0
2200 18899 0
2710 22778 0
2330 22853 0
2473 20059 0
2584 21281 0
2205 20090 0
2263 22612 0
2252 17666 0
2641 22842 0
2098 20856 0
2186 22103 0
2572 21794 0
2498 18982 0
2677 22292 0
 
===
