106 211 0
147 271 0
222 285 0
158 216 0
232 336 0
222 292 0
212 382 0
121 177 0
128 187 0
237 303 0
261 349 0
193 264 0
567 707 0
124 184 0
156 235 0
209 306 0
719 764 0
670 720 0
375 476 0
255 312 0
197 244 0
163 264 0
214 283 0
531 588 0
112 166 0
 
11 377 0
6 295 0
107 584 0
329 425 0
377 488 0
324 461 0
204 441 0
142 546 0
112 481 0
9 242 0
192 295 0
7 270 0
127 230 0
1137 1430 0
6 265 0
6 289 0
118 455 0
6 254 0
509 860 0
6 263 0
6 253 0
154 252 0
11 387 0
9 301 0
9 277 0
 
134 471 0
12 645 0
131 595 0
33 799 0
8 261 0
12 570 0
215 581 0
155 466 0
174 447 0
185 483 0
236 609 0
175 705 0
1011 1320 0
179 484 0
18 702 0
247 384 0
123 470 0
780 1100 0
115 414 0
172 525 0
162 652 0
123 523 0
128 685 0
224 522 0
195 624 0
 
14 644 0
10 301 0
410 716 0
134 537 0
995 1593 0
368 810 0
556 1138 0
175 560 0
285 1252 0
453 961 0
19 706 0
202 556 0
15 614 0
15 632 0
16 652 0
435 918 0
448 738 0
140 521 0
16 575 0
11 279 0
10 300 0
115 425 0
185 738 0
540 816 0
483 912 0
 
377 1400 0
165 1086 0
143 757 0
220 557 0
16 464 0
119 814 0
281 737 0
231 783 0
415 951 0
115 378 0
575 1305 0
376 955 0
191 997 0
132 1004 0
1016 1466 0
304 802 0
230 1035 0
15 683 0
14 534 0
187 475 0
12 471 0
199 1091 0
18 507 0
701 1210 0
151 678 0
 
===
