749 749 1
1615 1615 1
841 841 1
1702 1702 1
2556 2556 1
485 485 1
1397 1397 1
818 818 1
594 594 1
893 895 0
356 356 1
390 390 1
1291 1291 1
493 493 1
260 260 1
308 308 1
414 414 1
564 564 1
444 444 1
628 628 1
1022 1022 1
616 616 1
921 921 1
1409 1409 1
661 661 1
 
1688 1688 1
1871 1890 0
397 397 1
2237 2238 0
1946 1948 0
1336 1336 1
961 962 0
696 696 1
1209 1209 1
1796 1796 1
526 526 1
1721 1721 1
1270 1276 0
1281 1281 1
1479 1479 1
873 874 0
1720 1723 0
1644 1644 1
2190 2234 0
772 773 0
1137 1137 1
1406 1408 0
1741 1743 0
1254 1254 1
1505 1506 0
 
1824 1826 0
1599 1602 0
2763 2793 0
2214 2214 1
1365 1366 0
2065 2114 0
2142 2151 0
2965 2971 0
2552 2559 0
1229 1230 0
1263 1263 1
1664 1679 0
769 773 0
2130 2136 0
2724 2892 0
2278 2280 0
2407 2439 0
2399 2437 0
1699 1699 1
4635 4662 0
2727 2727 1
2754 2766 0
2166 2168 0
2327 2358 0
1628 1652 0
 
2652 2671 0
4240 4317 0
2860 2898 0
1974 2086 0
4480 4504 0
2198 2227 0
2541 2829 0
1702 1707 0
3717 3922 0
4213 4273 0
2093 2194 0
2011 2278 0
5007 5156 0
2326 2538 0
2430 2506 0
3189 3344 0
2876 3106 0
3597 3668 0
2270 2290 0
2349 2470 0
2815 3068 0
3547 3636 0
2812 2855 0
2509 2570 0
3503 3703 0
 
1838 1847 0
2454 2568 0
3429 3784 0
2372 2442 0
2551 2620 0
1578 1595 0
2705 2738 0
2480 2565 0
1883 1917 0
1933 1982 0
1950 2012 0
3171 3220 0
3408 4063 0
2049 2121 0
1714 1799 0
1171 1189 0
3160 3215 0
3490 3793 0
3574 3747 0
3894 4314 0
2434 2505 0
2648 2727 0
4221 4356 0
2211 2546 0
1474 1537 0
 
===
