581 582 0
295 295 1
848 848 1
376 376 1
386 386 1
493 493 1
382 382 1
326 326 1
414 414 1
508 508 1
437 437 1
308 308 1
707 707 1
357 357 1
407 407 1
385 385 1
845 845 1
928 928 1
481 481 1
372 372 1
386 386 1
264 264 1
769 769 1
661 661 1
738 738 1
 
933 944 0
829 829 1
1136 1138 0
759 760 0
855 858 0
1165 1166 0
1975 1986 0
1550 1554 0
1038 1038 1
419 419 1
525 525 1
1031 1033 0
475 475 1
1429 1430 0
473 473 1
431 431 1
629 629 1
454 454 1
1002 1002 1
689 689 1
1076 1084 0
704 707 0
1314 1315 0
1574 1576 0
742 743 0
 
1957 1991 0
1312 1319 0
1580 1618 0
996 996 1
657 658 0
1661 1684 0
858 858 1
920 921 0
635 635 1
1730 1752 0
1906 1938 0
1084 1085 0
1599 1602 0
1214 1217 0
1304 1307 0
646 647 0
1543 1592 0
1910 1914 0
699 701 0
1472 1485 0
1142 1151 0
2354 2417 0
786 786 1
666 666 1
1005 1006 0
 
1620 1733 0
1764 1942 0
1720 1847 0
1252 1344 0
2011 2132 0
1749 1819 0
1300 1303 0
1163 1176 0
1701 1744 0
1724 1797 0
1300 1318 0
927 930 0
1066 1084 0
1266 1311 0
1340 1759 0
1652 1777 0
1948 2067 0
1513 1787 0
1894 2330 0
1965 2166 0
1157 1202 0
1407 1600 0
1781 1850 0
2609 2814 0
1569 1868 0
 
2337 2532 0
2033 2214 0
1494 1609 0
1271 1331 0
951 960 0
1596 1667 0
1634 1861 0
1013 1050 0
1624 1657 0
1398 1963 0
1528 1665 0
1680 1754 0
1800 2062 0
1287 1319 0
2340 2575 0
1918 2169 0
1290 1299 0
1859 2079 0
1918 2158 0
1531 1877 0
923 930 0
2203 2619 0
1330 1472 0
1765 2066 0
1162 1202 0
 
===
