708 708 1
2703 2704 0
1139 1139 1
783 783 1
1003 1003 1
541 541 1
1935 1935 1
1010 1010 1
1893 1893 1
1309 1309 1
2443 2443 1
1085 1085 1
2054 2054 1
875 875 1
1986 1986 1
1159 1159 1
1481 1481 1
1009 1009 1
717 717 1
866 866 1
1267 1267 1
796 796 1
1103 1103 1
1011 1011 1
1852 1852 1
 
1928 1929 0
2076 2076 1
2645 2648 0
2371 2374 0
2873 2873 1
1736 1736 1
2228 2232 0
2540 2545 0
3158 3167 0
2681 2681 1
1906 1906 1
2759 2770 0
3594 3596 0
2629 2629 1
2564 2565 0
2691 2692 0
2032 2034 0
2784 2785 0
3462 3464 0
2304 2306 0
1763 1763 1
1649 1649 1
1846 1846 1
2373 2378 0
2242 2242 1
 
2824 2827 0
3075 3080 0
5443 5478 0
1892 1892 1
3006 3016 0
3376 3376 1
3797 3799 0
4704 4732 0
2677 2681 0
4053 4058 0
3301 3302 0
2580 2580 1
2710 2710 1
3757 3778 0
3623 3629 0
2669 2671 0
3428 3447 0
2715 2715 1
2717 2761 0
4109 4111 0
2786 2811 0
4047 4092 0
2989 2991 0
2934 2937 0
3065 3076 0
 
4226 4361 0
3799 3843 0
3524 3539 0
3393 3420 0
4769 4813 0
4344 4520 0
5726 5858 0
4716 4756 0
2983 2996 0
3927 4105 0
4568 4691 0
4147 4257 0
3772 3804 0
4520 4603 0
3436 3437 0
3799 3837 0
4220 4349 0
4862 4930 0
5187 5212 0
4138 4176 0
5584 5706 0
4059 4139 0
4087 4099 0
4680 4771 0
4941 5124 0
 
3988 4068 0
3849 3909 0
3528 3545 0
5182 5364 0
3313 3327 0
3670 3699 0
3236 3292 0
3801 3817 0
5732 5944 0
4037 4107 0
4243 4390 0
4489 4526 0
4258 4363 0
3865 3942 0
3639 3685 0
4425 4499 0
4387 4479 0
4586 4734 0
5705 5901 0
4517 4633 0
3247 3266 0
4469 4502 0
3978 4108 0
3969 3998 0
4634 4675 0
 
===
