4579 4580 0
5255 5255 1
4184 4184 1
7388 7388 1
4964 4964 1
4656 4657 0
6335 6335 1
6006 6006 1
4813 4813 1
4591 4591 1
3750 3750 1
4340 4341 0
6640 6640 1
5800 5800 1
5427 5427 1
5545 5545 1
5005 5005 1
5219 5219 1
6462 6462 1
5257 5257 1
4034 4034 1
6187 6187 1
5033 5033 1
4653 4653 1
5186 5187 0
 
12884 12887 0
11307 11310 0
9513 9514 0
12828 12836 0
9214 9215 0
13245 13246 0
9829 9829 1
10532 10534 0
11550 11550 1
9368 9370 0
12335 12341 0
12722 12722 1
9121 9124 0
12479 12480 0
8997 8997 1
12723 12728 0
9669 9671 0
10736 10741 0
11060 11066 0
9998 9998 1
9746 9747 0
11913 11915 0
10416 10416 1
12837 12839 0
9049 9049 1
 
15455 15469 0
19355 19370 0
16964 16977 0
14819 14852 0
16004 16023 0
15505 15518 0
13941 13944 0
16561 16571 0
16250 16324 0
16211 16214 0
18077 18096 0
17273 17295 0
16692 16707 0
24569 24588 0
12897 12901 0
14448 14454 0
16399 16418 0
16465 16485 0
15833 15877 0
13468 13474 0
18557 18591 0
14383 14389 0
19076 19087 0
14925 14958 0
13164 13170 0
 
24184 24383 0
22241 22326 0
23127 23358 0
20892 21119 0
21330 21528 0
18943 19166 0
21654 21862 0
18985 19171 0
22429 22764 0
21759 21917 0
17789 17891 0
25487 25823 0
22576 23019 0
21330 21519 0
19190 19290 0
21095 21296 0
20868 21013 0
21694 21917 0
21498 21647 0
21149 21208 0
18235 18349 0
39805 40125 0
18059 18283 0
25042 25285 0
21858 22007 0
 
23367 23672 0
23363 23743 0
21508 21745 0
22646 22965 0
27902 28322 0
19748 19985 0
20519 20771 0
25534 25984 0
23331 23809 0
22004 22413 0
21169 21355 0
19954 20278 0
23379 23685 0
24916 25259 0
20812 21007 0
21636 21729 0
21200 21354 0
25776 26553 0
17918 18010 0
22292 22444 0
22246 22462 0
23393 23793 0
21815 22004 0
20929 21393 0
24162 24462 0
 
===
