637 718 0
1479 1554 0
719 776 0
1704 1704 1
2557 2557 1
483 483 1
1159 1353 0
705 756 0
593 593 1
774 895 0
232 356 0
112 197 0
1285 1285 1
382 493 0
131 226 0
190 239 0
299 358 0
564 564 1
180 232 0
400 522 0
1013 1013 1
245 298 0
737 920 0
1115 1293 0
560 661 0
 
1541 1639 0
1115 1162 0
6 317 0
1878 1942 0
1371 1650 0
738 1167 0
650 778 0
368 543 0
920 1082 0
1643 1783 0
118 430 0
1545 1623 0
814 866 0
1175 1222 0
1258 1353 0
407 526 0
895 997 0
1337 1637 0
1319 1370 0
407 511 0
700 807 0
1293 1347 0
441 800 0
707 816 0
1071 1287 0
 
46 612 0
41 602 0
42 622 0
54 642 0
26 460 0
39 568 0
42 510 0
72 824 0
45 633 0
29 491 0
23 431 0
42 402 0
11 292 0
24 403 0
32 528 0
46 570 0
36 569 0
63 535 0
37 447 0
76 713 0
57 754 0
60 650 0
35 560 0
31 525 0
21 430 0
 
47 515 0
48 567 0
34 463 0
28 467 0
72 784 0
33 465 0
41 395 0
34 386 0
44 603 0
66 655 0
43 435 0
23 378 0
89 561 0
22 378 0
41 473 0
34 430 0
40 470 0
57 565 0
39 547 0
38 430 0
32 469 0
50 600 0
50 479 0
34 463 0
63 493 0
 
31 443 0
33 520 0
42 497 0
31 446 0
40 485 0
25 440 0
47 499 0
39 453 0
30 408 0
30 403 0
27 404 0
42 569 0
45 456 0
28 361 0
28 363 0
17 278 0
63 548 0
44 572 0
44 454 0
37 384 0
40 449 0
43 529 0
48 536 0
22 293 0
24 362 0
 
===
