107 207 0
147 264 0
222 285 0
158 214 0
232 332 0
222 290 0
209 382 0
121 176 0
128 186 0
237 302 0
261 345 0
193 262 0
593 707 0
124 182 0
156 233 0
209 303 0
720 764 0
671 719 0
375 472 0
255 311 0
197 243 0
163 264 0
213 281 0
532 588 0
112 165 0
 
6 355 0
7 291 0
461 580 0
329 424 0
377 485 0
332 458 0
205 440 0
150 530 0
112 468 0
8 240 0
223 329 0
8 265 0
129 235 0
1190 1487 0
7 263 0
7 293 0
119 448 0
6 249 0
509 859 0
6 258 0
7 249 0
154 251 0
12 366 0
11 292 0
7 269 0
 
13 329 0
16 312 0
12 308 0
14 310 0
9 258 0
14 318 0
12 312 0
12 319 0
15 335 0
13 315 0
14 314 0
14 308 0
36 342 0
13 313 0
14 306 0
250 386 0
14 317 0
25 363 0
14 413 0
14 388 0
13 329 0
15 320 0
14 367 0
18 331 0
13 320 0
 
17 303 0
10 208 0
18 260 0
13 254 0
28 264 0
15 256 0
23 300 0
14 251 0
20 295 0
17 298 0
14 248 0
14 251 0
13 252 0
13 250 0
13 254 0
18 296 0
20 267 0
12 256 0
15 258 0
12 212 0
11 209 0
13 255 0
17 296 0
20 255 0
20 259 0
 
25 332 0
23 295 0
17 285 0
14 243 0
13 238 0
18 284 0
17 289 0
16 276 0
20 285 0
14 250 0
21 247 0
18 281 0
22 291 0
18 284 0
28 298 0
18 290 0
20 283 0
18 248 0
18 257 0
13 244 0
12 240 0
17 288 0
14 242 0
23 258 0
14 278 0
 
===
