4551 4551 1
5178 5178 1
4177 4177 1
7318 7318 1
4949 4949 1
4302 4302 1
5986 5986 1
5945 5945 1
4753 4753 1
4219 4219 1
3721 3721 1
4317 4317 1
6626 6626 1
5698 5698 1
5281 5281 1
5467 5467 1
4986 4986 1
5173 5173 1
6258 6258 1
5203 5203 1
3991 3991 1
6072 6072 1
4992 4992 1
4623 4623 1
5082 5082 1
 
10699 12638 0
11103 11103 1
9190 9206 0
9921 12839 0
9227 9227 1
9385 13249 0
9765 9765 1
10541 10541 1
10553 11547 0
9368 9368 1
12074 12320 0
11786 12668 0
9146 9146 1
11490 12350 0
8987 9000 0
9105 12744 0
9499 9674 0
10482 10739 0
10693 11026 0
10000 10002 0
9643 9669 0
11511 11895 0
10264 10372 0
9767 12847 0
9068 9068 1
 
324 3811 0
394 4109 0
353 3786 0
302 3500 0
375 4109 0
327 4013 0
310 3903 0
370 4448 0
357 3588 0
328 3538 0
391 4118 0
437 4878 0
352 4115 0
296 3824 0
274 3743 0
308 3834 0
347 4060 0
326 3547 0
323 3781 0
303 3829 0
367 3910 0
300 3877 0
358 4135 0
320 3534 0
273 3432 0
 
370 3665 0
346 3520 0
395 3316 0
351 3656 0
351 3688 0
350 3317 0
330 3546 0
363 3385 0
379 3550 0
380 3582 0
336 3459 0
398 3771 0
370 3628 0
333 3485 0
304 3240 0
440 4153 0
408 3999 0
403 3732 0
360 3868 0
402 4123 0
377 3796 0
391 3807 0
328 3321 0
385 3801 0
350 3589 0
 
393 3650 0
329 3449 0
352 3419 0
355 3700 0
399 3893 0
348 3178 0
329 3249 0
393 3762 0
405 3617 0
342 3188 0
331 3430 0
345 3304 0
393 3755 0
362 3590 0
390 3707 0
360 3612 0
345 3370 0
399 3566 0
314 3409 0
429 4389 0
377 3669 0
387 3933 0
391 4191 0
375 3613 0
389 3814 0
 
===
