695 695 1
2545 2545 1
1119 1119 1
770 770 1
982 982 1
516 516 1
1832 1832 1
1014 1014 1
1883 1883 1
1313 1313 1
2457 2457 1
1084 1084 1
2057 2057 1
878 878 1
1998 1998 1
1161 1161 1
1481 1481 1
1010 1010 1
716 716 1
864 864 1
1262 1262 1
792 792 1
1110 1110 1
1012 1012 1
1852 1852 1
 
1826 1906 0
1906 2059 0
2542 2652 0
2322 2384 0
2535 2844 0
1695 1729 0
2137 2224 0
2498 2523 0
3097 3146 0
2512 2664 0
1735 1899 0
2707 2752 0
3584 3584 1
2370 2584 0
2533 2558 0
2522 2707 0
1861 2025 0
2686 2778 0
2750 3452 0
2280 2285 0
1726 1756 0
1564 1638 0
1843 1846 0
2289 2366 0
2080 2233 0
 
61 816 0
63 760 0
111 989 0
42 621 0
57 698 0
58 752 0
75 948 0
88 903 0
56 812 0
85 956 0
64 818 0
49 750 0
50 807 0
60 815 0
72 825 0
55 813 0
69 824 0
51 752 0
60 705 0
69 823 0
55 637 0
73 767 0
64 823 0
58 693 0
59 759 0
 
72 695 0
66 653 0
64 690 0
51 638 0
78 780 0
63 687 0
76 709 0
77 782 0
54 680 0
76 704 0
76 700 0
61 765 0
58 686 0
65 695 0
51 753 0
65 687 0
63 688 0
60 724 0
86 902 0
74 814 0
82 828 0
69 652 0
62 809 0
70 770 0
75 697 0
 
73 747 0
67 778 0
57 692 0
78 711 0
54 650 0
61 731 0
49 613 0
60 771 0
80 755 0
61 736 0
56 658 0
73 708 0
73 670 0
60 691 0
66 736 0
70 699 0
85 790 0
64 665 0
75 743 0
64 699 0
51 610 0
61 692 0
78 709 0
79 789 0
74 779 0
 
===
