1817 1817 1
1868 1868 1
3003 3003 1
2332 2332 1
1355 1355 1
2114 2114 1
2152 2152 1
2967 2967 1
2549 2549 1
1228 1228 1
1267 1267 1
1680 1680 1
768 768 1
2130 2130 1
2893 2893 1
2277 2277 1
2449 2449 1
2452 2452 1
1705 1705 1
4732 4732 1
2740 2740 1
2777 2777 1
2181 2181 1
2370 2370 1
1656 1656 1
 
2684 2684 1
4362 4362 1
2922 2922 1
2114 2114 1
4538 4538 1
2243 2243 1
2885 2885 1
1714 1714 1
3955 3955 1
4284 4284 1
2205 2205 1
2287 2287 1
5192 5192 1
2556 2556 1
2513 2513 1
3356 3356 1
3120 3120 1
3693 3693 1
2307 2307 1
2477 2477 1
3090 3090 1
3664 3664 1
2867 2867 1
2583 2583 1
3716 3716 1
 
4449 4449 1
3628 3628 1
4881 4881 1
5028 5028 1
2538 2538 1
3811 3811 1
4574 4574 1
2618 2618 1
4442 4442 1
3485 3485 1
3886 3886 1
3745 3745 1
1920 1920 1
2997 2997 1
3195 3195 1
2599 2599 1
4497 4497 1
3056 3056 1
3078 3078 1
5019 5019 1
3613 3613 1
2749 2749 1
3770 3770 1
4815 4815 1
2454 2454 1
 
5509 5509 1
3451 3451 1
5164 5164 1
3471 3471 1
4257 4257 1
4137 4137 1
6161 6161 1
4251 4251 1
4750 4750 1
3212 3212 1
4552 4552 1
3821 3821 1
5929 5933 0
3309 3309 1
2768 2770 0
5269 5269 1
3125 3125 1
5031 5031 1
3406 3406 1
3491 3491 1
3020 3020 1
4253 4253 1
3335 3335 1
2071 2071 1
2909 2911 0
 
6091 6091 1
3513 3518 0
3651 3663 0
4261 4261 1
5311 5311 1
5056 5056 1
4547 4547 1
3870 3879 0
3715 3718 0
4025 4025 1
3613 3613 1
4880 4884 0
3291 3291 1
3347 3355 0
5102 5103 0
4819 4819 1
5073 5073 1
4240 4243 0
4865 4865 1
2182 2182 1
3444 3444 1
4948 4958 0
3476 3497 0
4898 4899 0
4242 4242 1
 
4601 5078 0
6143 6262 0
8316 8381 0
6319 6327 0
3993 3998 0
4242 4337 0
6081 6214 0
4983 5147 0
5289 5330 0
8494 8504 0
4856 5024 0
5305 5325 0
3880 3881 0
6747 6747 1
5823 5969 0
4888 4953 0
4876 4921 0
5276 5305 0
6122 6273 0
7132 7421 0
7222 7370 0
5519 5560 0
5192 5212 0
3894 3989 0
5434 5534 0
 
1836 4136 0
2339 6334 0
2182 8916 0
672 3494 0
1928 6490 0
1765 5476 0
1880 7046 0
2457 6540 0
2115 5062 0
1676 4729 0
1841 5325 0
1930 7111 0
1883 5777 0
2580 6322 0
1331 4095 0
2244 5971 0
2320 5844 0
2161 6006 0
2415 6590 0
2113 5504 0
1482 4337 0
1687 3942 0
2335 6825 0
1953 5485 0
2242 6358 0
 
===
