752 752 1
104 104 1
306 306 1
123 123 1
132 132 1
1107 1107 1
1137 1137 1
178 178 1
112 112 1
822 822 1
591 591 1
360 360 1
246 246 1
122 122 1
362 362 1
136 136 1
199 199 1
437 437 1
771 771 1
116 116 1
590 590 1
166 166 1
120 120 1
403 403 1
191 191 1
 
622 622 1
298 298 1
284 284 1
945 945 1
172 172 1
188 188 1
273 273 1
585 585 1
288 288 1
596 596 1
235 235 1
383 383 1
172 172 1
108 108 1
1132 1132 1
372 372 1
315 315 1
107 107 1
669 669 1
577 577 1
273 273 1
122 122 1
124 124 1
215 215 1
255 255 1
 
717 717 1
404 404 1
387 387 1
1300 1300 1
246 246 1
816 816 1
547 547 1
369 369 1
199 199 1
650 650 1
260 260 1
136 136 1
635 635 1
804 804 1
342 342 1
572 572 1
339 339 1
337 337 1
381 381 1
1048 1048 1
849 849 1
442 442 1
344 344 1
279 279 1
479 479 1
 
1546 1546 1
656 656 1
437 437 1
1831 1831 1
224 224 1
1298 1298 1
654 654 1
1350 1350 1
1551 1551 1
440 440 1
519 519 1
637 637 1
857 857 1
1955 1955 1
106 106 1
634 634 1
284 284 1
529 529 1
863 863 1
352 352 1
242 242 1
730 730 1
169 169 1
430 430 1
922 922 1
 
0 0 1
0 0 1
0 0 1
0 0 1
0 0 1
0 0 1
0 0 1
0 0 1
0 0 1
0 0 1
0 0 1
0 0 1
0 0 1
0 0 1
0 0 1
0 0 1
0 0 1
0 0 1
0 0 1
0 0 1
0 0 1
0 0 1
0 0 1
0 0 1
0 0 1
 
989 989 1
928 928 1
1415 1415 1
503 503 1
844 844 1
1919 1919 1
1021 1021 1
483 483 1
1019 1019 1
1286 1286 1
550 550 1
509 509 1
396 396 1
972 972 1
1399 1399 1
907 907 1
740 740 1
435 435 1
734 734 1
1527 1527 1
1322 1322 1
836 836 1
552 552 1
746 746 1
1152 1152 1
 
1706 1706 1
1192 1192 1
1767 1767 1
1366 1366 1
865 865 1
1168 1168 1
666 666 1
1494 1494 1
1102 1102 1
606 606 1
1380 1380 1
707 707 1
1022 1022 1
921 921 1
594 594 1
801 801 1
1665 1665 1
910 910 1
1721 1721 1
872 872 1
363 363 1
626 626 1
1925 1925 1
838 838 1
1489 1489 1
 
621 621 1
1568 1568 1
424 424 1
379 379 1
1917 1917 1
919 919 1
855 855 1
428 428 1
550 550 1
1363 1363 1
1205 1205 1
1644 1644 1
1280 1280 1
1135 1135 1
1934 1934 1
2247 2247 1
1564 1564 1
1805 1805 1
532 532 1
997 997 1
1464 1464 1
1595 1595 1
1804 1804 1
1172 1172 1
1133 1133 1
 
1536 1536 1
2678 2678 1
758 758 1
2377 2377 1
1445 1445 1
1330 1330 1
2144 2144 1
1263 1263 1
1250 1250 1
2533 2533 1
1721 1721 1
1345 1345 1
1416 1416 1
756 756 1
1193 1193 1
1454 1454 1
1235 1235 1
1589 1589 1
1346 1346 1
911 911 1
658 658 1
2142 2142 1
1423 1423 1
819 819 1
949 949 1
 
0 0 1
0 0 1
0 0 1
0 0 1
0 0 1
0 0 1
0 0 1
0 0 1
0 0 1
0 0 1
0 0 1
0 0 1
0 0 1
0 0 1
0 0 1
0 0 1
0 0 1
0 0 1
0 0 1
0 0 1
0 0 1
0 0 1
0 0 1
0 0 1
0 0 1
 
2465 2465 1
1190 1190 1
1215 1215 1
1785 1785 1
1561 1561 1
738 738 1
2332 2332 1
1491 1491 1
1056 1056 1
1570 1570 1
1770 1770 1
1634 1634 1
1101 1101 1
2804 2804 1
2545 2545 1
1199 1199 1
1595 1595 1
2040 2040 1
3263 3263 1
1476 1476 1
923 923 1
1016 1016 1
1273 1273 1
1390 1390 1
1717 1717 1
 
2252 2252 1
1508 1508 1
1160 1160 1
3257 3257 1
1369 1369 1
781 781 1
1748 1748 1
2408 2408 1
2085 2085 1
1313 1313 1
2528 2528 1
2075 2075 1
1781 1781 1
1119 1119 1
2094 2094 1
1150 1150 1
1304 1304 1
998 998 1
1527 1527 1
1468 1468 1
841 841 1
1103 1103 1
1976 1976 1
2096 2096 1
1220 1220 1
 
931 931 1
2487 2487 1
1269 1269 1
2275 2275 1
1454 1454 1
2119 2119 1
2812 2812 1
1632 1632 1
1039 1039 1
798 798 1
1274 1274 1
1819 1819 1
1733 1733 1
1959 1959 1
1130 1130 1
1400 1400 1
1994 1994 1
1066 1066 1
944 944 1
986 986 1
2191 2191 1
1784 1784 1
2329 2329 1
1480 1480 1
1748 1748 1
 
1766 1766 1
1798 1798 1
2501 2501 1
2865 2865 1
2017 2017 1
2261 2261 1
1438 1438 1
1811 1811 1
1737 1737 1
2038 2038 1
2100 2100 1
2041 2041 1
2147 2147 1
2557 2557 1
728 728 1
2108 2108 1
1465 1465 1
2106 2106 1
1030 1030 1
1888 1888 1
2153 2153 1
2909 2909 1
1974 1974 1
1591 1591 1
1708 1708 1
 
0 0 1
0 0 1
0 0 1
0 0 1
0 0 1
0 0 1
0 0 1
0 0 1
0 0 1
0 0 1
0 0 1
0 0 1
0 0 1
0 0 1
0 0 1
0 0 1
0 0 1
0 0 1
0 0 1
0 0 1
0 0 1
0 0 1
0 0 1
0 0 1
0 0 1
 
1288 1288 1
3419 3419 1
3073 3073 1
1355 1355 1
1457 1457 1
3243 3243 1
2385 2385 1
2119 2119 1
2119 2119 1
3441 3441 1
2877 2877 1
2490 2490 1
2640 2640 1
1989 1989 1
975 975 1
1661 1661 1
2209 2209 1
2491 2491 1
3004 3004 1
1348 1348 1
2135 2135 1
2832 2832 1
2554 2554 1
2240 2240 1
1231 1231 1
 
2779 2779 1
2170 2170 1
3251 3251 1
2889 2889 1
1813 1813 1
1860 1860 1
2618 2618 1
2664 2664 1
3213 3213 1
2032 2032 1
2001 2001 1
2118 2118 1
1776 1776 1
2683 2683 1
3116 3116 1
1234 1234 1
2005 2005 1
2438 2438 1
2797 2797 1
3371 3371 1
2331 2331 1
1949 1949 1
1799 1799 1
2097 2097 1
3286 3286 1
 
2864 2864 1
2618 2618 1
2054 2054 1
2553 2553 1
3380 3380 1
2081 2081 1
1307 1307 1
2166 2166 1
3076 3076 1
2945 2945 1
2719 2719 1
1702 1702 1
1940 1940 1
1784 1784 1
3604 3604 1
2596 2596 1
1690 1690 1
2813 2813 1
3479 3479 1
2922 2922 1
1654 1654 1
3344 3344 1
1865 1865 1
1381 1381 1
2283 2283 1
 
1799 1799 1
2435 2435 1
1888 1888 1
3339 3339 1
1634 1634 1
3503 3503 1
1907 1907 1
2631 2631 1
4595 4595 1
2530 2530 1
2757 2757 1
1909 1909 1
2600 2600 1
2610 2610 1
2147 2147 1
3013 3013 1
2746 2746 1
1497 1497 1
3326 3326 1
2123 2123 1
1536 1536 1
3619 3619 1
2351 2351 1
3963 3963 1
3693 3693 1
 
0 0 1
0 0 1
0 0 1
0 0 1
0 0 1
0 0 1
0 0 1
0 0 1
0 0 1
0 0 1
0 0 1
0 0 1
0 0 1
0 0 1
0 0 1
0 0 1
0 0 1
0 0 1
0 0 1
0 0 1
0 0 1
0 0 1
0 0 1
0 0 1
0 0 1
 
1842 1842 1
2569 2569 1
3786 3786 1
2442 2442 1
2658 2658 1
1592 1592 1
2734 2734 1
2564 2564 1
1916 1916 1
1980 1980 1
2010 2010 1
3219 3219 1
4062 4062 1
2120 2120 1
1799 1799 1
1188 1188 1
3213 3213 1
3793 3793 1
3747 3747 1
4314 4314 1
2506 2506 1
2727 2727 1
4354 4354 1
2546 2546 1
1539 1539 1
 
2253 2253 1
4204 4204 1
2721 2721 1
4744 4744 1
1868 1868 1
3324 3324 1
2797 2797 1
5513 5513 1
2214 2214 1
1263 1263 1
3273 3273 1
3531 3531 1
2596 2596 1
3024 3024 1
2754 2754 1
3006 3006 1
1933 1933 1
2617 2617 1
3471 3471 1
2548 2548 1
5381 5381 1
2605 2605 1
3475 3475 1
3702 3702 1
3961 3961 1
 
2453 2453 1
3902 3902 1
4777 4777 1
3085 3085 1
5424 5424 1
2752 2752 1
4438 4438 1
3779 3779 1
3924 3924 1
3162 3162 1
3865 3865 1
3016 3016 1
2621 2621 1
4716 4716 1
3175 3175 1
3664 3664 1
4711 4711 1
3684 3684 1
2553 2553 1
2299 2299 1
2449 2449 1
3236 3236 1
2970 2970 1
2348 2348 1
4950 4950 1
 
3538 3538 1
4237 4237 1
3682 3682 1
4106 4106 1
2670 2670 1
3414 3414 1
3645 3645 1
3657 3657 1
4268 4268 1
2822 2822 1
6432 6432 1
2250 2250 1
2666 2666 1
2939 2939 1
3401 3401 1
4649 4649 1
3382 3382 1
2683 2683 1
2907 2907 1
2791 2791 1
3932 3932 1
2127 2127 1
5034 5034 1
2872 2872 1
3141 3141 1
 
0 0 1
0 0 1
0 0 1
0 0 1
0 0 1
0 0 1
0 0 1
0 0 1
0 0 1
0 0 1
0 0 1
0 0 1
0 0 1
0 0 1
0 0 1
0 0 1
0 0 1
0 0 1
0 0 1
0 0 1
0 0 1
0 0 1
0 0 1
0 0 1
0 0 1
 
2545 2545 1
1813 1813 1
3081 3081 1
2909 2909 1
4712 4712 1
3350 3350 1
2466 2466 1
2264 2264 1
3479 3479 1
3483 3483 1
3811 3811 1
4253 4253 1
2161 2161 1
3568 3568 1
2460 2460 1
3432 3432 1
3212 3212 1
3592 3592 1
5425 5425 1
5489 5489 1
5827 5827 1
2888 2888 1
4186 4186 1
2883 2883 1
3197 3197 1
 
3774 3774 1
4325 4325 1
4594 4594 1
4007 4007 1
5936 5936 1
3285 3285 1
4248 4248 1
4607 4607 1
5040 5040 1
4322 4322 1
2267 2267 1
3620 3620 1
4159 4159 1
6399 6399 1
3628 3628 1
2644 2644 1
2515 2515 1
3947 3947 1
3048 3048 1
3052 3052 1
4344 4344 1
3540 3540 1
4410 4410 1
3367 3367 1
4475 4475 1
 
2137 2137 1
3430 3430 1
2853 2853 1
3062 3063 0
4391 4391 1
5152 5152 1
2948 2948 1
2427 2427 1
4190 4190 1
4355 4355 1
3091 3091 1
4662 4662 1
3066 3066 1
2735 2735 1
5015 5015 1
3088 3088 1
3940 3940 1
5824 5824 1
3353 3353 1
3610 3610 1
3340 3340 1
1926 1926 1
3628 3628 1
2022 2022 1
2768 2768 1
 
2736 2736 1
5356 5356 1
5107 5107 1
4937 4937 1
4409 4409 1
4311 4311 1
4194 4194 1
3386 3386 1
2822 2822 1
3151 3151 1
4308 4308 1
2703 2703 1
3107 3107 1
2293 2293 1
3618 3618 1
5467 5467 1
4493 4493 1
2913 2913 1
3840 3840 1
3353 3353 1
3648 3648 1
3081 3081 1
5420 5420 1
4345 4345 1
1969 1969 1
 
0 0 1
0 0 1
0 0 1
0 0 1
0 0 1
0 0 1
0 0 1
0 0 1
0 0 1
0 0 1
0 0 1
0 0 1
0 0 1
0 0 1
0 0 1
0 0 1
0 0 1
0 0 1
0 0 1
0 0 1
0 0 1
0 0 1
0 0 1
0 0 1
0 0 1
 
3281 3281 1
4135 4136 0
4559 4559 1
5239 5240 0
5635 5635 1
3519 3519 1
4425 4425 1
3494 3494 1
2633 2634 0
4247 4247 1
5361 5361 1
3663 3663 1
4313 4313 1
2323 2325 0
4192 4192 1
3523 3523 1
3346 3346 1
5889 5889 1
4439 4439 1
5042 5042 1
4303 4303 1
5224 5224 1
3142 3142 1
2802 2804 0
5013 5013 1
 
4121 4128 0
4737 4737 1
4005 4005 1
4209 4211 0
3423 3424 0
5171 5171 1
4279 4279 1
3394 3394 1
4148 4148 1
5666 5666 1
3478 3478 1
5962 5964 0
5621 5621 1
4308 4308 1
6307 6307 1
5744 5744 1
3100 3100 1
4149 4149 1
4647 4647 1
3567 3567 1
4061 4061 1
4811 4811 1
4565 4565 1
3053 3053 1
6169 6169 1
 
5611 5612 0
3401 3401 1
4093 4097 0
3798 3798 1
3105 3105 1
3929 3929 1
5218 5220 0
4000 4000 1
7894 7895 0
6160 6160 1
4952 4952 1
3399 3408 0
5143 5143 1
4107 4111 0
5323 5323 1
4973 4973 1
4206 4206 1
4617 4617 1
4399 4399 1
3523 3523 1
4014 4014 1
3869 3875 0
5134 5134 1
2322 2323 0
4821 4821 1
 
5268 5268 1
6751 6751 1
5091 5091 1
3719 3721 0
4708 4709 0
6829 6840 0
4167 4171 0
2779 2783 0
3883 3894 0
3117 3123 0
4582 4583 0
6007 6007 1
5685 5685 1
7150 7150 1
3024 3031 0
4419 4421 0
5210 5230 0
4317 4319 0
4626 4626 1
6416 6420 0
3861 3861 1
5318 5320 0
4358 4358 1
6382 6382 1
5667 5668 0
 
0 0 0
0 0 0
0 0 0
0 0 0
0 0 0
0 0 0
0 0 0
0 0 0
0 0 0
0 0 0
0 0 0
0 0 0
0 0 0
0 0 0
0 0 0
0 0 0
0 0 0
0 0 0
0 0 0
0 0 0
0 0 0
0 0 0
0 0 0
0 0 0
0 0 0
 
2944 2960 0
5998 5998 1
6178 6180 0
5729 5786 0
2465 2473 0
4806 4809 0
5862 5897 0
4540 4620 0
3537 3548 0
4072 4089 0
5528 5571 0
4771 4782 0
5276 5276 1
3921 3924 0
4658 4658 1
3244 3267 0
4374 4375 0
4726 4726 1
5531 5542 0
6719 6721 0
3041 3063 0
6063 6063 1
4597 4614 0
3435 3450 0
3838 3839 0
 
7595 7709 0
4600 4631 0
5368 5369 0
6330 6330 1
5962 5964 0
4914 4950 0
4294 4301 0
6021 6059 0
4359 4365 0
6533 6636 0
3671 3693 0
2743 2762 0
5561 5576 0
5878 5880 0
4482 4482 1
6314 6314 1
4858 4858 1
4086 4098 0
3626 3633 0
5113 5113 1
5566 5569 0
4909 4931 0
5494 5494 1
5245 5291 0
4713 4715 0
 
4998 5045 0
4254 4334 0
8276 8276 1
6406 6408 0
6003 6051 0
4438 4560 0
7446 7446 1
6049 6053 0
4651 4839 0
4582 4587 0
3356 3383 0
5018 5093 0
3782 3813 0
7463 7464 0
5638 5741 0
4103 4165 0
6031 6038 0
5942 5962 0
5594 5598 0
5503 5536 0
3688 3722 0
5096 5111 0
5214 5232 0
5413 5419 0
5668 5678 0
 
5351 5427 0
6714 6719 0
3595 3691 0
4108 4201 0
4813 4818 0
5934 6010 0
4619 4690 0
5447 5449 0
4188 4203 0
3916 3940 0
5597 5616 0
5963 6000 0
7129 7225 0
4824 4826 0
5445 5486 0
4219 4360 0
5316 5316 1
3089 3194 0
7770 7805 0
6361 6379 0
7288 7328 0
7283 7338 0
6991 6991 1
5653 5737 0
4351 4366 0
 
0 0 0
0 0 0
0 0 0
0 0 0
0 0 0
0 0 0
0 0 0
0 0 0
0 0 0
0 0 0
0 0 0
0 0 0
0 0 0
0 0 0
0 0 0
0 0 0
0 0 0
0 0 0
0 0 0
0 0 0
0 0 0
0 0 0
0 0 0
0 0 0
0 0 0
 
1435 4075 0
1558 6265 0
1844 8746 0
453 3453 0
1420 6404 0
1151 5393 0
1597 6948 0
1838 6358 0
1412 5012 0
1227 4674 0
1310 5230 0
1347 7019 0
1268 5724 0
1965 6246 0
901 4048 0
1562 5911 0
1953 5761 0
1506 5942 0
1531 6030 0
1580 5427 0
1141 4285 0
1161 3890 0
1807 6723 0
1379 5440 0
1611 6307 0
 
704 6542 0
548 3894 0
519 5799 0
801 4830 0
528 4838 0
668 7577 0
417 4192 0
735 6413 0
334 5206 0
540 5008 0
730 6240 0
531 4630 0
788 6455 0
480 5569 0
563 5481 0
962 8012 0
461 4313 0
619 6242 0
701 5112 0
499 4913 0
444 4634 0
725 5571 0
630 6466 0
537 4645 0
558 5323 0
 
===
