273 273 1
457 457 1
109 109 1
503 503 1
387 387 1
122 122 1
161 161 1
207 207 1
123 123 1
123 123 1
136 136 1
373 373 1
188 188 1
451 451 1
669 669 1
336 336 1
306 306 1
112 112 1
220 220 1
184 184 1
772 772 1
278 278 1
912 912 1
360 360 1
634 634 1
 
537 537 1
349 349 1
247 247 1
385 385 1
732 732 1
1175 1175 1
498 498 1
264 264 1
285 285 1
226 226 1
457 457 1
227 227 1
1445 1445 1
617 617 1
1256 1256 1
411 411 1
559 559 1
645 645 1
1365 1365 1
272 272 1
211 211 1
444 444 1
291 291 1
756 756 1
350 350 1
 
935 935 1
420 420 1
577 577 1
509 509 1
610 610 1
408 408 1
1307 1307 1
719 719 1
546 546 1
557 557 1
469 469 1
637 637 1
881 881 1
514 514 1
380 380 1
288 288 1
534 534 1
620 620 1
1279 1279 1
401 401 1
384 384 1
1190 1190 1
293 293 1
760 760 1
1622 1622 1
 
1366 1366 1
562 562 1
529 529 1
569 569 1
624 624 1
1654 1654 1
1301 1301 1
707 707 1
885 885 1
651 651 1
969 969 1
1749 1749 1
608 608 1
1392 1392 1
452 452 1
817 817 1
419 419 1
617 617 1
799 799 1
1216 1216 1
816 816 1
1059 1059 1
958 958 1
1711 1711 1
849 849 1
 
1141 1141 1
1680 1680 1
1215 1215 1
559 559 1
1579 1579 1
2088 2088 1
1125 1125 1
1660 1660 1
1257 1257 1
1816 1816 1
1264 1264 1
839 839 1
962 962 1
2245 2245 1
1435 1435 1
892 892 1
1321 1321 1
623 623 1
1309 1309 1
1297 1297 1
907 907 1
1259 1259 1
1121 1121 1
1369 1369 1
1445 1445 1
 
755 755 1
1267 1267 1
1998 1998 1
1746 1746 1
1237 1237 1
1515 1515 1
1974 1974 1
2110 2110 1
1109 1109 1
2006 2006 1
2681 2681 1
833 833 1
1556 1556 1
1748 1748 1
1109 1109 1
3053 3053 1
2122 2122 1
1458 1458 1
2012 2012 1
1953 1953 1
2620 2620 1
1824 1824 1
1137 1137 1
1451 1451 1
1865 1865 1
 
1399 1399 1
2344 2344 1
3317 3317 1
1835 1835 1
1514 1514 1
2245 2245 1
2218 2218 1
1805 1805 1
893 893 1
1678 1678 1
1239 1239 1
3047 3047 1
2156 2156 1
2176 2176 1
1691 1691 1
2085 2085 1
2520 2520 1
1265 1265 1
2312 2312 1
1002 1002 1
1567 1567 1
2460 2460 1
1171 1171 1
1497 1497 1
1767 1767 1
 
1365 1365 1
1762 1762 1
1337 1337 1
2603 2603 1
2266 2266 1
1880 1880 1
1573 1573 1
1310 1310 1
1905 1905 1
2684 2684 1
1683 1683 1
2321 2321 1
1702 1702 1
1408 1408 1
1404 1404 1
2249 2249 1
1642 1642 1
2500 2500 1
1904 1904 1
2068 2068 1
1894 1894 1
2866 2866 1
1375 1375 1
2234 2234 1
3458 3458 1
 
3288 3288 1
1558 1558 1
4227 4227 1
3764 3764 1
1630 1630 1
2296 2296 1
2308 2308 1
2377 2377 1
2557 2557 1
2908 2908 1
1715 1715 1
1941 1941 1
2579 2579 1
2633 2633 1
2351 2351 1
1814 1814 1
2182 2182 1
1826 1826 1
1977 1977 1
1181 1181 1
1744 1744 1
1726 1726 1
2345 2345 1
1956 1956 1
2160 2160 1
 
1778 1778 1
5159 5159 1
3102 3102 1
2022 2022 1
3269 3269 1
2229 2229 1
4508 4508 1
3054 3054 1
4011 4011 1
2122 2122 1
1712 1712 1
2480 2480 1
2566 2566 1
2257 2257 1
2131 2131 1
4342 4342 1
2973 2973 1
2217 2217 1
3655 3655 1
3536 3536 1
2161 2161 1
1803 1803 1
1626 1626 1
1474 1474 1
1880 1880 1
 
2834 2834 1
1471 1471 1
3305 3305 1
2704 2704 1
2732 2732 1
2249 2249 1
2235 2235 1
2144 2144 1
2996 2996 1
3201 3201 1
2789 2789 1
2425 2425 1
2756 2756 1
3213 3213 1
2136 2136 1
2363 2363 1
1884 1884 1
2643 2643 1
1466 1466 1
2517 2517 1
2588 2588 1
2370 2370 1
2886 2886 1
2993 2993 1
1829 1829 1
 
2671 2671 1
2652 2652 1
2677 2677 1
2349 2349 1
3107 3107 1
2711 2711 1
3705 3705 1
3441 3441 1
2933 2933 1
3643 3643 1
3194 3194 1
4415 4415 1
2559 2559 1
3681 3681 1
2586 2586 1
3755 3755 1
1941 1941 1
2625 2625 1
3503 3503 1
2391 2391 1
2593 2593 1
2919 2919 1
3728 3728 1
3137 3137 1
2494 2494 1
 
3727 3727 1
2918 2918 1
3391 3391 1
3452 3452 1
1858 1858 1
2737 2737 1
2843 2843 1
3081 3081 1
5187 5187 1
4384 4384 1
3905 3905 1
4062 4062 1
3628 3628 1
3687 3687 1
2865 2865 1
3785 3785 1
3935 3935 1
4216 4216 1
2678 2678 1
3758 3758 1
3850 3850 1
3797 3797 1
2112 2112 1
2995 2995 1
4949 4949 1
 
2683 2683 1
3896 3896 1
5965 5965 1
2629 2629 1
2666 2666 1
3816 3816 1
3555 3555 1
3124 3124 1
3498 3498 1
3258 3258 1
3016 3016 1
5236 5236 1
4674 4674 1
3276 3276 1
3670 3670 1
4439 4439 1
3346 3346 1
3071 3071 1
5723 5723 1
3417 3417 1
3468 3468 1
3548 3548 1
3173 3173 1
2830 2830 1
2501 2501 1
 
3407 3407 1
2768 2768 1
3259 3259 1
5248 5248 1
4424 4424 1
3862 3862 1
2665 2665 1
3824 3824 1
3402 3402 1
3607 3607 1
3101 3101 1
3003 3003 1
3899 3899 1
3245 3245 1
4148 4148 1
3501 3501 1
3673 3673 1
3529 3529 1
3027 3027 1
3830 3830 1
4373 4373 1
4167 4167 1
4310 4310 1
5564 5564 1
4285 4285 1
 
3985 3985 1
3341 3341 1
3365 3365 1
2776 2776 1
3725 3725 1
5261 5261 1
3823 3823 1
3414 3414 1
3791 3791 1
4741 4741 1
3028 3028 1
3114 3114 1
4591 4591 1
5271 5271 1
5401 5401 1
4209 4209 1
3615 3615 1
5739 5739 1
4009 4009 1
4036 4036 1
4143 4143 1
3878 3878 1
4680 4680 1
4515 4515 1
3465 3465 1
 
4132 4132 1
3971 3971 1
3571 3571 1
5413 5413 1
3348 3348 1
3723 3723 1
3317 3317 1
3860 3860 1
5999 5999 1
4141 4141 1
4388 4388 1
4494 4494 1
4362 4362 1
3944 3944 1
3681 3681 1
4497 4497 1
4479 4479 1
4732 4732 1
5896 5896 1
4632 4632 1
3277 3277 1
4465 4465 1
4099 4099 1
4023 4023 1
4667 4667 1
 
6286 6286 1
6034 6034 1
4704 4704 1
4875 4875 1
4452 4452 1
5136 5136 1
4951 4951 1
4561 4561 1
3751 3751 1
5318 5318 1
5481 5481 1
3369 3369 1
4743 4743 1
4953 4953 1
6820 6820 1
5150 5150 1
5683 5683 1
3989 3989 1
3835 3835 1
5485 5485 1
4545 4545 1
4025 4025 1
4730 4730 1
7392 7392 1
4023 4023 1
 
4111 4111 1
5641 5641 1
4172 4172 1
3490 3490 1
7078 7078 1
4912 4912 1
3744 3744 1
4272 4272 1
6374 6374 1
4929 4929 1
6359 6359 1
5821 5821 1
5661 5661 1
4306 4306 1
4643 4643 1
4274 4274 1
4584 4584 1
3492 3492 1
5558 5558 1
4166 4166 1
4172 4172 1
5818 5818 1
5012 5012 1
4287 4287 1
5549 5549 1
 
4875 4875 1
5722 5722 1
5381 5381 1
4595 4595 1
4630 4630 1
5489 5489 1
5116 5116 1
5814 5814 1
6879 6879 1
5610 5610 1
4059 4059 1
4302 4302 1
4401 4401 1
4839 4839 1
5143 5143 1
5729 5729 1
5329 5329 1
4992 4992 1
6893 6893 1
8121 8121 1
8270 8270 1
6437 6437 1
3844 3844 1
5596 5596 1
5054 5054 1
 
6652 6652 1
4482 4482 1
6929 6929 1
5253 5253 1
4995 4995 1
4769 4769 1
5829 5829 1
5242 5242 1
6915 6915 1
5254 5254 1
5064 5064 1
5873 5873 1
3797 3797 1
4225 4225 1
4466 4466 1
5811 5811 1
4490 4490 1
6040 6040 1
5970 5970 1
4585 4585 1
6954 6954 1
5462 5462 1
6735 6735 1
6780 6780 1
7104 7104 1
 
4575 4575 1
6975 6975 1
4894 4894 1
5067 5067 1
6132 6132 1
5691 5691 1
4536 4536 1
5777 5777 1
5373 5373 1
5198 5198 1
4298 4298 1
6216 6216 1
5981 5981 1
5635 5635 1
5443 5443 1
6228 6228 1
4676 4676 1
3799 3799 1
3998 3998 1
4943 4943 1
4965 4965 1
6018 6018 1
4866 4866 1
6357 6357 1
5571 5571 1
 
6699 6699 1
5469 5469 1
7202 7202 1
5592 5592 1
6564 6564 1
6040 6040 1
6439 6439 1
4680 4680 1
5158 5158 1
7226 7226 1
6355 6355 1
5038 5038 1
8165 8165 1
5328 5328 1
5348 5348 1
6731 6731 1
6095 6095 1
4276 4276 1
6743 6743 1
7467 7467 1
5453 5453 1
7768 7768 1
6107 6107 1
5852 5852 1
5733 5733 1
 
5463 5463 1
4639 4639 1
4448 4448 1
6840 6840 1
7413 7413 1
5036 5036 1
6586 6586 1
6743 6743 1
4627 4627 1
7031 7031 1
7804 7804 1
4171 4171 1
5863 5863 1
6221 6221 1
6839 6839 1
5936 5936 1
7767 7767 1
6983 6983 1
8526 8526 1
5744 5744 1
6820 6820 1
5044 5044 1
4072 4072 1
7935 7935 1
7647 7647 1
 
7286 7286 1
7029 7029 1
5186 5186 1
5450 5450 1
6426 6426 1
6713 6713 1
6985 6985 1
6260 6260 1
5542 5542 1
7273 7273 1
8230 8230 1
5742 5742 1
6802 6802 1
8584 8584 1
6780 6780 1
5767 5767 1
7936 7936 1
7720 7720 1
5958 5958 1
6683 6683 1
8815 8815 1
7101 7101 1
7657 7657 1
5919 5919 1
5525 5525 1
 
8145 8145 1
6066 6066 1
6665 6665 1
5641 5641 1
6733 6733 1
7900 7900 1
6230 6230 1
5817 5817 1
5481 5481 1
5916 5916 1
6707 6707 1
6546 6546 1
5487 5487 1
7996 7996 1
6123 6123 1
5951 5951 1
4968 4968 1
6314 6314 1
8314 8314 1
6513 6513 1
6224 6224 1
7688 7688 1
6870 6870 1
6927 6927 1
6404 6404 1
 
7523 7523 1
6169 6169 1
8458 8458 1
7867 7867 1
7856 7856 1
6633 6633 1
6129 6129 1
9173 9173 1
7083 7083 1
8348 8348 1
9494 9494 1
5914 5914 1
6089 6089 1
6608 6608 1
5742 5742 1
8583 8583 1
4994 4994 1
6264 6264 1
7580 7580 1
5481 5481 1
8267 8267 1
5755 5755 1
7748 7748 1
7080 7080 1
6097 6097 1
 
7165 7165 1
7647 7647 1
7254 7254 1
7241 7241 1
5815 5815 1
8885 8885 1
10363 10363 1
7949 7949 1
11525 11525 1
6641 6641 1
7672 7672 1
6420 6420 1
8638 8638 1
9536 9536 1
6320 6320 1
8703 8703 1
7909 7909 1
8419 8419 1
6773 6773 1
6303 6303 1
8046 8046 1
7637 7637 1
7252 7252 1
5889 5889 1
7870 7870 1
 
9610 9610 1
9154 9154 1
9065 9065 1
7848 7848 1
7723 7723 1
6463 6463 1
8549 8549 1
7886 7886 1
6133 6133 1
8283 8283 1
8559 8559 1
5069 5069 1
8838 8838 1
8709 8709 1
8493 8493 1
10602 10602 1
8387 8387 1
10299 10299 1
7712 7712 1
8085 8085 1
8882 8882 1
6189 6189 1
8474 8474 1
8877 8877 1
5367 5367 1
 
7313 7313 1
7847 7847 1
7770 7770 1
6543 6543 1
6765 6765 1
6232 6232 1
8940 8940 1
8911 8911 1
8616 8616 1
6870 6870 1
10402 10402 1
7747 7747 1
8366 8366 1
7582 7582 1
7617 7617 1
8378 8378 1
7947 7947 1
6337 6337 1
9401 9401 1
6134 6134 1
8452 8452 1
7249 7249 1
9145 9145 1
7301 7301 1
6096 6096 1
 
7907 7907 1
8641 8641 1
6372 6372 1
7152 7152 1
8544 8544 1
7783 7783 1
8391 8391 1
9234 9234 1
9055 9055 1
10376 10376 1
6748 6748 1
10320 10320 1
10381 10381 1
6685 6685 1
8213 8213 1
6711 6711 1
9024 9024 1
6305 6305 1
8596 8596 1
7528 7528 1
8288 8288 1
7877 7877 1
11359 11359 1
7262 7262 1
9718 9718 1
 
8169 8169 1
8683 8683 1
7799 7799 1
7157 7157 1
8317 8317 1
8151 8151 1
7659 7659 1
8544 8544 1
5825 5825 1
9020 9020 1
8224 8224 1
10025 10025 1
9144 9144 1
8722 8722 1
6501 6501 1
7240 7240 1
7632 7632 1
9010 9010 1
6889 6889 1
7454 7454 1
9381 9381 1
10853 10853 1
7483 7483 1
9082 9082 1
7926 7926 1
 
9744 9744 1
7562 7562 1
10411 10411 1
6467 6467 1
8752 8752 1
10303 10303 1
8632 8632 1
8052 8052 1
7802 7802 1
7647 7647 1
7369 7369 1
8478 8478 1
9792 9792 1
11046 11046 1
7497 7497 1
9489 9489 1
11812 11812 1
6801 6801 1
8566 8566 1
10484 10484 1
8853 8853 1
8527 8527 1
9839 9839 1
8813 8813 1
8920 8920 1

===
