870 870 1
935 935 1
1114 1114 1
812 812 1
1210 1210 1
649 649 1
1837 1837 1
773 773 1
1681 1681 1
958 958 1
980 980 1
981 981 1
1805 1805 1
1576 1576 1
674 674 1
848 848 1
981 981 1
648 648 1
1051 1051 1
844 844 1
1033 1033 1
1069 1069 1
1069 1069 1
826 826 1
561 561 1
 
2678 2678 1
1624 1624 1
1967 1967 1
1753 1753 1
2500 2500 1
2906 2906 1
2566 2566 1
3079 3079 1
2254 2254 1
1647 1647 1
2172 2172 1
1772 1772 1
1183 1183 1
1359 1359 1
1081 1081 1
1381 1381 1
1582 1582 1
1774 1774 1
2405 2405 1
1879 1879 1
2267 2267 1
2050 2050 1
3732 3732 1
1704 1704 1
1629 1629 1
 
4134 4134 1
4162 4162 1
3379 3379 1
4159 4159 1
4097 4097 1
2531 2531 1
3239 3239 1
3591 3591 1
5913 5913 1
2478 2478 1
2766 2766 1
3344 3344 1
2938 2938 1
4737 4737 1
2295 2295 1
2282 2282 1
3563 3563 1
3746 3746 1
4870 4870 1
3683 3683 1
2980 2980 1
3037 3037 1
2584 2584 1
2546 2546 1
5225 5225 1
 
2842 2842 1
3402 3402 1
5164 5164 1
3555 3555 1
4264 4264 1
3052 3052 1
4940 4940 1
3732 3732 1
4250 4250 1
3490 3490 1
4677 4677 1
4589 4589 1
3827 3827 1
6204 6204 1
4103 4103 1
3516 3516 1
3585 3585 1
4723 4723 1
6143 6143 1
5713 5713 1
4031 4031 1
7827 7827 1
3870 3870 1
3616 3616 1
3655 3655 1
 
6066 6066 1
4539 4539 1
5383 5383 1
6830 6830 1
6324 6324 1
5380 5380 1
7844 7844 1
4460 4460 1
5668 5668 1
5918 5918 1
4356 4356 1
3860 3860 1
6380 6380 1
6289 6289 1
6981 6981 1
6093 6093 1
4967 4967 1
6199 6199 1
7646 7646 1
6227 6227 1
5442 5442 1
6847 6847 1
8538 8538 1
5520 5520 1
4523 4523 1
 
6886 6886 1
6757 6757 1
7412 7412 1
6339 6339 1
7516 7516 1
8529 8529 1
7060 7060 1
10762 10762 1
9430 9430 1
9803 9803 1
6922 6922 1
6466 6466 1
6923 6923 1
7396 7396 1
4754 4754 1
7064 7064 1
9386 9386 1
6897 6897 1
7661 7661 1
8187 8187 1
8161 8161 1
8544 8544 1
9690 9690 1
5634 5634 1
7796 7796 1
 
5999 5999 1
10914 10914 1
9014 9014 1
7538 7538 1
7270 7270 1
7105 7105 1
9034 9034 1
8939 8939 1
8865 8865 1
9911 9911 1
6318 6318 1
9941 9941 1
8240 8240 1
8771 8771 1
7237 7237 1
8078 8078 1
8442 8442 1
9629 9629 1
10598 10598 1
8959 8959 1
6889 6889 1
8142 8142 1
8665 8665 1
8967 8967 1
6488 6488 1
 
9902 9902 1
8597 8597 1
8344 8344 1
10195 10195 1
9002 9002 1
8257 8257 1
7695 7695 1
9921 9921 1
8142 8142 1
11150 11150 1
11543 11543 1
9775 9775 1
9254 9254 1
11503 11503 1
10015 10015 1
9723 9723 1
9349 9349 1
13059 13059 1
10746 10746 1
10737 10737 1
8528 8528 1
9003 9003 1
8749 8749 1
8622 8622 1
9302 9302 1
 
12651 12651 1
16726 16726 1
12651 12651 1
12821 12821 1
11246 11246 1
14048 14048 1
10705 10705 1
14915 14915 1
10520 10520 1
10914 10914 1
17021 17021 1
15402 15402 1
10292 10292 1
13162 13162 1
11022 11022 1
12466 12466 1
10971 10971 1
10866 10866 1
11889 11889 1
9218 9218 1
13251 13251 1
9627 9627 1
12719 12719 1
10324 10324 1
11545 11545 1
 
11300 11300 1
13022 13022 1
14011 14011 1
12430 12430 1
16023 16023 1
13393 13393 1
13369 13369 1
11614 11614 1
11786 11786 1
14731 14731 1
12090 12090 1
11613 11613 1
12382 12382 1
12534 12534 1
10765 10765 1
13244 13244 1
14743 14743 1
13247 13247 1
17320 17320 1
15791 15791 1
16016 16016 1
13866 13866 1
13774 13774 1
11707 11707 1
12120 12120 1
 
14221 14221 1
14686 14686 1
14903 14903 1
15096 15096 1
14229 14229 1
12638 12638 1
13865 13865 1
13880 13880 1
12920 12920 1
14342 14342 1
17707 17707 1
10129 10129 1
15098 15098 1
17311 17311 1
14714 14714 1
16560 16560 1
12517 12517 1
14556 14556 1
10656 10656 1
15145 15145 1
12938 12938 1
14602 14602 1
11746 11746 1
14975 14975 1
11946 11946 1
 
14954 14954 1
13321 13321 1
15022 15022 1
15627 15627 1
16995 16995 1
15707 15707 1
14474 14474 1
13043 13043 1
13163 13163 1
18727 18727 1
14359 14359 1
14848 14848 1
15593 15593 1
13690 13690 1
22647 22647 1
18069 18069 1
16593 16593 1
16725 16725 1
14184 14184 1
16685 16685 1
17775 17775 1
16886 16886 1
18607 18607 1
14966 14966 1
14124 14124 1
 
16196 16196 1
16858 16858 1
14882 14882 1
15923 15923 1
21172 21172 1
16558 16558 1
21619 21619 1
18874 18874 1
18237 18237 1
15194 15194 1
16865 16865 1
15566 15566 1
16447 16447 1
14935 14935 1
15274 15274 1
18567 18567 1
17797 17797 1
16070 16070 1
16292 16292 1
16678 16678 1
17940 17940 1
16773 16773 1
16556 16556 1
19258 19258 1
18871 18871 1
 
25230 25230 1
18164 18164 1
33008 33008 1
16075 16075 1
18641 18641 1
15864 15864 1
20280 20280 1
16918 16918 1
17546 17546 1
23073 23073 1
17277 17277 1
21687 21687 1
18509 18509 1
24045 24045 1
17262 17262 1
22990 22990 1
20043 20043 1
17213 17213 1
19074 19074 1
21625 21625 1
17365 17365 1
18573 18573 1
18737 18737 1
18984 18984 1
18230 18230 1
 
15741 15741 1
18455 18455 1
15899 15899 1
19948 19948 1
17248 17248 1
16926 16926 1
20956 20956 1
21060 21060 1
17602 17602 1
17557 17557 1
18671 18671 1
16609 16609 1
26206 26206 1
18359 18359 1
24486 24486 1
22140 22140 1
17776 17776 1
21551 21551 1
22345 22345 1
22837 22837 1
20681 20681 1
21780 21780 1
19849 19849 1
18386 18386 1
20280 20280 1
 
18885 18885 1
20613 20613 1
17126 17126 1
20454 20454 1
16137 16137 1
22713 22713 1
19291 19291 1
19863 19863 1
20852 20852 1
19608 19608 1
21179 21179 1
22357 22357 1
23367 23367 1
21983 21983 1
22138 22138 1
20523 20523 1
17945 17945 1
17465 17465 1
20694 20694 1
38581 38581 1
20556 20556 1
24800 24800 1
23571 23571 1
19964 19964 1
20848 20848 1
 
23411 23411 1
23733 23733 1
21292 21292 1
21789 21789 1
27194 27194 1
19907 19907 1
20740 20740 1
25802 25802 1
23789 23789 1
22416 22416 1
21653 21653 1
20339 20339 1
23716 23716 1
25191 25191 1
21003 21003 1
21695 21695 1
21336 21336 1
26496 26496 1
18000 18000 1
22388 22388 1
22401 22401 1
23837 23837 1
22022 22022 1
36670 36670 1
26325 26325 1
 
21007 21007 1
22311 22311 1
24144 24144 1
22684 22684 1
29439 29439 1
27316 27316 1
25774 25774 1
26027 26027 1
22694 22694 1
29792 29792 1
20223 20223 1
24756 24756 1
22799 22799 1
25756 25756 1
25883 25883 1
21011 21011 1
20064 20064 1
21559 21559 1
21507 21507 1
27476 27476 1
24656 24656 1
19827 19827 1
21481 21481 1
25485 25485 1
25382 25382 1
 
36545 36545 1
24300 24300 1
26434 26434 1
27333 27333 1
24042 24042 1
26626 26626 1
24474 24474 1
25385 25385 1
23581 23581 1
22363 22363 1
28679 28679 1
23849 23849 1
22466 22466 1
24913 24913 1
27271 27271 1
25271 25271 1
29023 29023 1
22931 22931 1
25836 25836 1
21766 21766 1
22500 22500 1
27428 27428 1
23888 23888 1
20762 20762 1
24014 24014 1
 
27930 27930 1
26680 26680 1
30568 30568 1
25420 25420 1
31082 31082 1
29259 29259 1
24140 24140 1
27741 27741 1
24871 24871 1
29676 29676 1
24101 24101 1
24725 24725 1
26731 26731 1
25112 25112 1
22385 22385 1
29854 29854 1
27910 27910 1
19000 19000 1
27080 27080 1
32309 32309 1
22128 22128 1
26012 26012 1
22862 22862 1
24043 24043 1
23055 23055 1
 
26057 26057 1
22609 22609 1
29588 29588 1
35697 35697 1
30470 30470 1
29996 29996 1
29228 29228 1
24920 24920 1
36122 36122 1
33052 33052 1
28598 28598 1
23667 23667 1
29506 29506 1
27102 27102 1
28975 28975 1
26101 26101 1
28156 28156 1
27679 27679 1
25703 25703 1
27351 27351 1
24686 24686 1
26404 26404 1
27727 27727 1
29441 29441 1
28307 28307 1
 
61257 61257 1
33228 33228 1
30345 30345 1
29856 29856 1
29627 29627 1
32484 32484 1
36636 36636 1
28348 28348 1
24944 24944 1
30530 30530 1
30527 30527 1
30907 30907 1
28361 28361 1
30207 30207 1
34152 34152 1
33312 33312 1
32728 32728 1
23833 23833 1
29338 29338 1
29925 29925 1
27690 27690 1
31483 31483 1
35979 35979 1
36257 36257 1
32653 32653 1
 
31669 31669 1
32548 32548 1
32838 32838 1
34523 34523 1
28844 28844 1
29242 29242 1
27889 27889 1
30216 30216 1
30039 30039 1
35798 35798 1
31663 31663 1
27393 27393 1
32269 32269 1
26379 26379 1
27950 27950 1
28025 28025 1
28226 28226 1
26310 26310 1
31842 31842 1
58266 58266 1
30262 30262 1
32232 32232 1
35861 35861 1
31834 31834 1
36239 36239 1
 
39415 39415 1
27313 27313 1
30580 30580 1
28989 28989 1
35909 35909 1
29601 29601 1
26535 26535 1
31585 31585 1
24856 24856 1
27886 27886 1
30657 30657 1
29541 29541 1
30404 30404 1
29885 29885 1
35705 35705 1
30080 30080 1
32850 32850 1
36658 36658 1
33403 33403 1
32336 32336 1
32627 32627 1
28512 28512 1
32538 32538 1
28001 28001 1
28996 28996 1
 
32095 32095 1
30484 30484 1
32708 32708 1
28168 28168 1
35450 35450 1
32713 32713 1
32357 32357 1
36303 36303 1
32655 32655 1
33832 33832 1
37144 37144 1
86883 86883 1
35416 35416 1
39676 39676 1
37968 37968 1
37489 37489 1
35880 35880 1
35476 35476 1
32995 32995 1
29753 29753 1
36052 36052 1
27100 27100 1
30402 30402 1
38836 38836 1
32326 32326 1
 
32776 32776 1
28644 28644 1
32796 32796 1
35319 35319 1
34148 34148 1
33611 33611 1
39398 39398 1
43665 43665 1
35633 35633 1
43533 43533 1
36317 36317 1
35890 35890 1
38412 38412 1
38208 38208 1
37246 37246 1
33472 33472 1
38400 38400 1
36389 36389 1
35505 35505 1
32063 32063 1
34052 34052 1
33610 33610 1
36987 36987 1
31958 31958 1
31395 31395 1
 
38618 38618 1
44612 44612 1
41058 41058 1
32892 32892 1
37723 37723 1
44727 44727 1
33702 33702 1
31377 31377 1
32629 32629 1
34497 34497 1
32618 32618 1
33271 33271 1
36210 36210 1
33958 33958 1
34403 34403 1
35513 35513 1
36349 36349 1
34140 34140 1
78455 78455 1
39775 39775 1
35564 35564 1
43021 43021 1
34502 34502 1
34907 34907 1
44215 44215 1
 
32515 32515 1
37773 37773 1
33460 33460 1
37362 37362 1
37316 37316 1
34964 34964 1
38144 38144 1
35645 35645 1
34698 34698 1
40980 40980 1
29706 29706 1
36791 36791 1
50205 50205 1
35952 35952 1
36707 36707 1
38462 38462 1
41445 41445 1
34598 34598 1
32375 32375 1
30239 30239 1
34176 34176 1
31553 31553 1
35290 35290 1
38054 38054 1
37820 37820 1
 
36494 36494 1
37042 37042 1
34073 34073 1
36229 36229 1
36847 36847 1
44522 44522 1
43766 43766 1
39426 39426 1
41217 41217 1
41131 41131 1
38358 38358 1
39174 39174 1
42149 42149 1
38301 38301 1
36348 36348 1
34559 34559 1
35931 35931 1
37622 37622 1
36118 36118 1
39786 39786 1
41791 41791 1
39105 39105 1
46390 46390 1
46680 46680 1
43556 43556 1
 
42286 42286 1
48267 48267 1
39244 39244 1
38905 38905 1
41651 41651 1
35328 35328 1
43624 43624 1
41102 41102 1
36937 36937 1
38243 38243 1
38426 38426 1
39877 39877 1
36886 36886 1
110517 110517 1
47246 47246 1
41457 41457 1
40203 40203 1
44857 44857 1
46778 46778 1
37858 37858 1
41283 41283 1
39248 39248 1
37800 37800 1
41078 41078 1
36153 36153 1
 
43693 43693 1
36386 36386 1
48274 48274 1
44813 44813 1
40303 40303 1
40223 40223 1
48941 48941 1
46786 46786 1
47514 47514 1
48698 48698 1
42942 42942 1
43415 43415 1
37331 37331 1
41834 41834 1
39810 39810 1
40563 40563 1
43457 43457 1
38038 38038 1
42091 42091 1
38014 38014 1
38154 38154 1
46602 46602 1
43640 43640 1
50836 50836 1
44318 44318 1
 
47127 47127 1
37911 37911 1
43553 43553 1
46360 46360 1
43731 43731 1
41332 41332 1
39171 39171 1
39313 39313 1
41579 41579 1
37565 37565 1
44422 44422 1
39694 39694 1
51851 51851 1
45465 45465 1
39918 39918 1
50849 50849 1
46907 46907 1
38941 38941 1
44177 44177 1
43633 43633 1
41016 41016 1
37747 37747 1
39881 39881 1
37132 37132 1
39514 39514 1
 
42052 42052 1
43867 43867 1
69809 69809 1
46957 46957 1
42026 42026 1
46138 46138 1
47702 47702 1
43492 43492 1
40760 40760 1
34821 34821 1
40658 40658 1
44943 44943 1
39031 39031 1
47492 47492 1
45984 45984 1
38132 38132 1
38440 38440 1
40847 40847 1
97479 97479 1
45872 45872 1
45752 45752 1
50319 50319 1
49043 49043 1
42011 42011 1
45235 45235 1

===
