625 625 1
1093 1093 1
734 734 1
711 711 1
619 619 1
396 396 1
654 654 1
735 735 1
745 745 1
809 809 1
419 419 1
826 826 1
1101 1101 1
880 880 1
503 503 1
667 667 1
553 553 1
687 687 1
779 779 1
782 782 1
680 680 1
653 653 1
622 622 1
512 512 1
799 799 1
 
1046 1046 1
953 953 1
801 801 1
821 821 1
562 562 1
850 850 1
764 764 1
725 725 1
657 657 1
1108 1108 1
555 555 1
673 673 1
791 791 1
676 676 1
635 635 1
1056 1056 1
649 649 1
739 739 1
779 779 1
736 736 1
751 751 1
977 977 1
933 933 1
965 965 1
938 938 1
 
184 184 1
293 293 1
181 181 1
227 227 1
205 205 1
225 225 1
263 263 1
233 233 1
276 276 1
235 235 1
217 217 1
265 265 1
174 174 1
225 225 1
276 276 1
199 199 1
232 232 1
226 226 1
262 262 1
289 289 1
153 153 1
266 266 1
305 305 1
228 228 1
215 215 1
 
267 267 1
220 220 1
230 230 1
313 313 1
211 211 1
293 293 1
245 245 1
302 302 1
243 243 1
197 197 1
249 249 1
261 261 1
360 360 1
311 311 1
293 293 1
254 254 1
195 195 1
255 255 1
222 222 1
230 230 1
226 226 1
268 268 1
229 229 1
210 210 1
232 232 1
 
231 231 1
278 278 1
356 356 1
297 297 1
286 286 1
190 190 1
263 263 1
321 321 1
285 285 1
270 270 1
251 251 1
349 349 1
232 232 1
321 321 1
304 304 1
265 265 1
322 322 1
302 302 1
210 210 1
327 327 1
331 331 1
271 271 1
230 230 1
266 266 1
324 324 1
 
232 232 1
341 341 1
352 352 1
246 246 1
237 237 1
312 312 1
365 365 1
256 256 1
353 353 1
238 238 1
282 282 1
263 263 1
338 338 1
277 277 1
316 316 1
340 340 1
439 439 1
368 368 1
394 394 1
282 282 1
256 256 1
351 351 1
342 342 1
346 346 1
364 364 1
 
406 406 1
216 216 1
462 462 1
350 350 1
428 428 1
375 375 1
272 272 1
265 265 1
299 299 1
316 316 1
257 257 1
332 332 1
371 371 1
284 284 1
232 232 1
328 328 1
335 335 1
301 301 1
357 357 1
337 337 1
290 290 1
268 268 1
324 324 1
311 311 1
416 416 1
 
385 385 1
318 318 1
387 387 1
382 382 1
373 373 1
355 357 0
298 298 1
356 356 1
317 317 1
384 384 1
390 390 1
326 326 1
366 366 1
372 372 1
323 323 1
312 312 1
430 430 1
298 298 1
454 454 1
534 534 1
383 383 1
346 346 1
344 344 1
418 418 1
313 313 1
 
317 318 0
350 351 0
314 314 1
340 340 1
492 492 1
294 294 1
296 298 0
412 412 1
342 343 0
460 460 1
342 342 1
283 284 0
406 406 1
479 481 0
419 419 1
341 342 0
379 379 1
358 358 1
398 398 1
431 431 1
422 422 1
330 332 0
427 427 1
356 356 1
323 323 1
 
337 337 1
360 362 0
462 462 1
425 425 1
445 448 0
373 374 0
500 500 1
414 414 1
364 369 0
346 350 0
375 379 0
419 425 0
443 443 1
396 398 0
413 413 1
322 326 0
423 423 1
408 409 0
413 418 0
419 420 0
489 489 1
312 315 0
483 485 0
503 503 1
404 407 0
 
434 434 1
286 288 0
400 403 0
325 338 0
486 487 0
477 479 0
405 416 0
434 443 0
488 493 0
380 396 0
389 391 0
448 448 1
336 341 0
460 465 0
458 467 0
397 408 0
312 317 0
399 409 0
470 478 0
444 444 1
399 409 0
373 374 0
405 406 0
376 379 0
403 409 0
 
===
