3713 3713 1
2916 2916 1
3388 3388 1
3450 3450 1
1858 1858 1
2738 2738 1
2844 2844 1
3084 3084 1
5175 5175 1
4383 4383 1
3902 3902 1
4061 4061 1
3625 3625 1
3689 3689 1
2865 2865 1
3784 3784 1
3939 3939 1
4216 4216 1
2678 2678 1
3781 3781 1
3843 3843 1
3796 3796 1
2112 2112 1
2990 2990 1
5016 5016 1
 
3406 3406 1
2766 2766 1
3257 3257 1
5239 5239 1
4422 4422 1
3856 3856 1
2662 2662 1
3823 3823 1
3400 3400 1
3610 3610 1
3097 3097 1
3006 3006 1
3900 3900 1
3244 3244 1
4134 4134 1
3499 3499 1
3672 3672 1
3530 3530 1
3030 3030 1
3798 3798 1
3551 3551 1
3551 3551 1
3777 3777 1
5491 5491 1
4249 4249 1
 
4067 4067 1
3905 3905 1
3539 3539 1
5354 5354 1
3325 3325 1
3697 3697 1
3290 3290 1
3802 3802 1
5937 5937 1
4106 4106 1
4388 4388 1
4492 4492 1
4364 4364 1
3940 3940 1
3685 3685 1
4493 4493 1
4475 4475 1
4725 4725 1
7354 7354 1
4637 4637 1
3264 3264 1
4459 4459 1
4104 4104 1
3994 3994 1
4669 4669 1
 
4092 4092 1
5639 5639 1
4180 4180 1
3493 3493 1
7087 7087 1
4913 4913 1
3745 3745 1
4272 4272 1
6368 6368 1
4925 4925 1
6355 6355 1
5832 5832 1
5652 5652 1
4306 4306 1
4639 4639 1
4268 4268 1
4605 4605 1
3497 3497 1
5552 5552 1
4165 4165 1
4169 4169 1
5813 5813 1
5015 5015 1
4289 4289 1
5548 5548 1
 
6515 6515 1
4416 4416 1
6755 6755 1
5101 5101 1
4853 4853 1
4686 4686 1
5792 5792 1
5177 5177 1
6821 6821 1
5138 5138 1
5020 5020 1
5809 5809 1
3752 3752 1
4177 4177 1
4422 4422 1
5428 5428 1
4437 4437 1
5982 5982 1
5881 5881 1
4476 4476 1
6818 6818 1
5358 5358 1
6622 6622 1
6695 6695 1
7107 7107 1
 
6691 6691 1
5463 5463 1
7201 7201 1
5598 5598 1
6558 6558 1
6042 6042 1
6438 6438 1
4633 4633 1
5156 5156 1
7226 7226 1
6368 6368 1
5068 5068 1
8169 8169 1
5331 5331 1
5349 5349 1
6727 6727 1
6075 6075 1
4280 4280 1
6747 6747 1
7471 7471 1
5409 5409 1
7763 7763 1
6106 6106 1
5848 5848 1
5733 5733 1
 
7196 7196 1
8648 8648 1
6094 6094 1
6165 6165 1
6350 6350 1
6703 6703 1
6901 6901 1
6147 6147 1
5519 5519 1
7159 7159 1
8098 8098 1
5813 5813 1
6734 6734 1
8876 8876 1
6757 6757 1
5787 5787 1
7997 7997 1
7732 7732 1
5990 5990 1
6657 6657 1
8055 8055 1
7434 7434 1
8119 8119 1
5991 5991 1
5568 5568 1
 
7606 7606 1
6233 6233 1
8479 8479 1
7861 7861 1
7892 7892 1
6630 6630 1
6133 6133 1
9045 9045 1
7080 7080 1
8348 8348 1
9465 9465 1
5917 5917 1
6089 6089 1
6605 6605 1
5747 5747 1
8579 8579 1
4992 4992 1
6274 6274 1
7569 7569 1
5488 5488 1
8260 8260 1
5714 5714 1
7749 7749 1
7086 7086 1
6113 6113 1
 
9444 9444 1
8780 8780 1
9011 9011 1
7737 7737 1
7546 7546 1
6320 6320 1
8494 8494 1
7887 7887 1
6133 6133 1
8303 8303 1
8481 8481 1
5075 5075 1
8823 8823 1
8725 8725 1
8510 8510 1
10536 10536 1
8351 8351 1
10303 10303 1
7702 7702 1
8125 8125 1
8959 8959 1
6195 6195 1
8472 8472 1
8882 8882 1
5367 5367 1
 
7888 7888 1
8608 8608 1
6371 6371 1
7156 7156 1
8540 8540 1
7791 7791 1
8398 8398 1
9223 9223 1
6863 6863 1
8915 8915 1
6611 6611 1
10032 10032 1
10167 10167 1
6461 6461 1
8014 8014 1
6540 6540 1
7582 7582 1
6201 6201 1
8442 8442 1
7385 7385 1
8115 8115 1
7638 7638 1
11163 11163 1
6559 6559 1
9588 9588 1
 
9667 9667 1
7602 7602 1
10421 10421 1
6443 6443 1
8763 8763 1
10296 10296 1
8623 8623 1
8057 8057 1
7819 7819 1
7597 7597 1
7365 7365 1
8477 8477 1
9691 9691 1
11023 11023 1
7513 7513 1
9513 9513 1
11769 11769 1
6745 6745 1
8507 8507 1
10476 10476 1
8857 8857 1
8471 8471 1
9833 9833 1
8755 8755 1
8919 8919 1
 
===
