1724 1724 1
1852 1852 1
1552 1552 1
2021 2021 1
838 838 1
879 879 1
1201 1201 1
1470 1470 1
1500 1500 1
1696 1696 1
773 773 1
947 947 1
1270 1270 1
1243 1243 1
791 791 1
3247 3247 1
1066 1066 1
1118 1118 1
1087 1087 1
1092 1092 1
856 856 1
1313 1313 1
1941 1941 1
1156 1156 1
1347 1347 1
 
1258 1258 1
1366 1366 1
959 959 1
950 950 1
1625 1625 1
2072 2072 1
903 903 1
1461 1461 1
1239 1239 1
914 914 1
1032 1032 1
1828 1828 1
923 923 1
2210 2210 1
2142 2142 1
1738 1738 1
1667 1667 1
2242 2242 1
1871 1871 1
1604 1604 1
989 989 1
1776 1776 1
1744 1744 1
822 822 1
907 907 1
 
2525 2525 1
2091 2091 1
1479 1479 1
1263 1263 1
915 915 1
1587 1587 1
1809 1809 1
1043 1043 1
1646 1646 1
1954 1954 1
1663 1663 1
1748 1748 1
2054 2054 1
1305 1305 1
2563 2563 1
2153 2153 1
1285 1285 1
2071 2071 1
2152 2152 1
1868 1868 1
926 926 1
2607 2607 1
1467 1467 1
2059 2059 1
1196 1196 1
 
1920 1920 1
1999 1999 1
1265 1265 1
1933 1933 1
1500 1500 1
1669 1669 1
2053 2053 1
2091 2091 1
1066 1066 1
1315 1315 1
2062 2062 1
1319 1319 1
1270 1270 1
1613 1613 1
1731 1731 1
2319 2319 1
1885 1885 1
2362 2362 1
2249 2249 1
1154 1154 1
2013 2013 1
1421 1421 1
2007 2007 1
1766 1766 1
2003 2003 1
 
1494 1494 1
1657 1657 1
2706 2706 1
1785 1785 1
3340 3340 1
2079 2079 1
1687 1687 1
2013 2013 1
1236 1236 1
2189 2189 1
1327 1327 1
2542 2542 1
1423 1423 1
1519 1519 1
1802 1802 1
1712 1712 1
1546 1546 1
2014 2014 1
2850 2850 1
1218 1218 1
1785 1785 1
2711 2711 1
1659 1659 1
2016 2016 1
1848 1848 1
 
2875 2875 1
1535 1535 1
4795 4795 1
2108 2109 0
2590 2590 1
2245 2245 1
2564 2564 1
2102 2102 1
2458 2458 1
1701 1701 1
2032 2032 1
1470 1470 1
1846 1846 1
2236 2236 1
1419 1419 1
1970 1970 1
1510 1510 1
1158 1158 1
2960 2960 1
2532 2532 1
1432 1432 1
2189 2189 1
1753 1753 1
1186 1186 1
2073 2073 1
 
2591 2591 1
2518 2518 1
2768 2768 1
1699 1699 1
1974 1974 1
2698 2698 1
2811 2811 1
2350 2350 1
2930 2930 1
2513 2513 1
2531 2532 0
1984 1984 1
1960 1960 1
2384 2384 1
1968 1968 1
1923 1923 1
1585 1585 1
2226 2226 1
3096 3096 1
1836 1836 1
2485 2485 1
2804 2804 1
2281 2281 1
2030 2031 0
3174 3174 1
 
3054 3054 1
2956 2956 1
2512 2512 1
3798 3798 1
1772 1772 1
2877 2880 0
1630 1633 0
2232 2233 0
1564 1564 1
2062 2062 1
1750 1750 1
3113 3113 1
3532 3532 1
2332 2332 1
2421 2421 1
3232 3232 1
3016 3016 1
2012 2013 0
3453 3453 1
2371 2371 1
4841 4843 0
1946 1946 1
2201 2203 0
1459 1461 0
1836 1838 0
 
3245 3254 0
2167 2181 0
2726 2744 0
2930 2931 0
3713 3735 0
2617 2639 0
3239 3239 1
2437 2442 0
2420 2423 0
2418 2427 0
1952 1970 0
3122 3124 0
2625 2631 0
2284 2287 0
3275 3282 0
1563 1587 0
2023 2040 0
2670 2671 0
2872 2884 0
3123 3134 0
2501 2502 0
2674 2674 1
3633 3635 0
1603 1604 0
2137 2140 0
 
3520 3544 0
2979 2985 0
2184 2190 0
3543 3588 0
1943 2021 0
1885 1970 0
2829 2861 0
3816 3852 0
2530 2571 0
3426 3449 0
2859 2901 0
2486 2499 0
2335 2365 0
3426 3491 0
2132 2198 0
2310 2344 0
3373 3385 0
2142 2217 0
3251 3260 0
2861 2870 0
3845 3867 0
3495 3542 0
5179 5206 0
2931 3043 0
2673 2682 0
 
2724 2827 0
3044 3080 0
2378 2507 0
2558 2672 0
2620 2750 0
2621 2771 0
2209 2322 0
5387 5726 0
3226 3478 0
2869 3120 0
2379 2425 0
3874 4023 0
4366 4453 0
4487 4668 0
2724 2837 0
3360 3508 0
2416 2497 0
2492 2607 0
2293 2471 0
2420 2603 0
3650 3794 0
3139 3426 0
3034 3332 0
2767 2911 0
3022 3296 0

3899 5269 0
2397 2986 0
3349 4122 0
3538 4205 0
2257 3150 0
2708 3240 0
2276 2995 0
2527 3057 0
2534 3118 0
1582 2109 0
2776 3690 0
1734 2327 0
1823 2625 0
2184 2543 0
1972 2894 0
1959 2669 0
2911 3683 0
2304 2842 0
3613 4302 0
3055 3989 0
2172 2853 0
3370 4040 0
3019 3881 0
3286 3759 0
3792 4346 0
 
253 2262 0
536 3818 0
439 3788 0
186 2300 0
376 4277 0
226 2034 0
344 3211 0
260 2726 0
312 2545 0
482 5106 0
420 3797 0
211 4021 0
614 4261 0
358 4343 0
353 2779 0
261 2466 0
371 3882 0
250 2939 0
467 4220 0
392 2889 0
332 3259 0
373 3878 0
234 2290 0
398 3548 0
329 3007 0
 
===
