16300 16300 1
17561 17561 1
16456 16456 1
16645 16645 1
20970 20970 1
17114 17114 1
21933 21933 1
18989 18989 1
19875 19875 1
15110 15110 1
16786 16786 1
15652 15652 1
16381 16381 1
14913 14913 1
15274 15274 1
18595 18595 1
16899 16899 1
16223 16223 1
16301 16301 1
16746 16746 1
18502 18502 1
16733 16733 1
16364 16364 1
19275 19275 1
18879 18879 1
 
15680 15680 1
18494 18494 1
15874 15874 1
19915 19915 1
16349 16349 1
16967 16967 1
20882 20882 1
21057 21057 1
17584 17584 1
17549 17549 1
18686 18686 1
16554 16554 1
18965 18965 1
16977 16977 1
21852 21852 1
21195 21195 1
17075 17075 1
20372 20372 1
21299 21299 1
21485 21485 1
19573 19573 1
20969 20969 1
20137 20137 1
18361 18361 1
20082 20082 1
 
22113 22113 1
22404 22404 1
20430 20430 1
21686 21686 1
26959 26959 1
19999 19999 1
20856 20856 1
25764 25764 1
23640 23640 1
22418 22418 1
21306 21306 1
20240 20240 1
23597 23597 1
58828 58828 1
24252 24252 1
23358 23358 1
23015 23015 1
28236 28236 1
19461 19461 1
23906 23906 1
23633 23633 1
24726 24726 1
22071 22071 1
21364 21364 1
24423 24423 1
 
21860 21860 1
21296 21296 1
23345 23345 1
25768 25768 1
21332 21332 1
25232 25232 1
22833 22833 1
23572 23572 1
23539 23539 1
22217 22217 1
28545 28545 1
23984 23984 1
22469 22469 1
24880 24880 1
27191 27191 1
25078 25078 1
24253 24253 1
22843 22843 1
25690 25690 1
21769 21769 1
22857 22857 1
27386 27386 1
23827 23827 1
20832 20832 1
23928 23928 1
 
26121 26121 1
22466 22466 1
25913 25913 1
30127 30127 1
24729 24729 1
27853 27853 1
26902 26902 1
23030 23030 1
33577 33577 1
32164 32164 1
28491 28491 1
23462 23462 1
29361 29361 1
26959 26959 1
29057 29057 1
61593 61593 1
30963 30963 1
30052 30052 1
27859 27859 1
29038 29038 1
26465 26465 1
27965 27965 1
28046 28046 1
33102 33102 1
28254 28254 1
 
29256 29256 1
30284 30284 1
30727 30727 1
32302 32302 1
28727 28727 1
29034 29034 1
27913 27913 1
30430 30430 1
30181 30181 1
33920 33920 1
31575 31575 1
27419 27419 1
32243 32243 1
26273 26273 1
28205 28205 1
28088 28088 1
28228 28228 1
26383 26383 1
31772 31772 1
28444 28444 1
27233 27233 1
29749 29749 1
32195 32195 1
27050 27050 1
33669 33669 1
 
31257 31257 1
30250 30250 1
32551 32551 1
28155 28155 1
35123 35123 1
36160 36160 1
32222 32222 1
36546 36546 1
32724 32724 1
44221 44221 1
41323 41323 1
40899 40899 1
34790 34790 1
38101 38101 1
38186 38186 1
34892 34892 1
32974 32974 1
35449 35449 1
32805 32805 1
29643 29643 1
36098 36098 1
26800 26800 1
30332 30332 1
38927 38927 1
32398 32398 1
 
29545 29545 1
36330 36330 1
37286 37286 1
30911 30911 1
34812 34812 1
44039 44039 1
33248 33248 1
31330 31330 1
32078 32078 1
34308 34308 1
33204 33204 1
33235 33235 1
36013 36013 1
33883 33883 1
34249 34249 1
35551 35551 1
36336 36336 1
33956 33956 1
39601 39601 1
35154 35154 1
32000 32000 1
37727 37727 1
78780 78780 1
32528 32528 1
45102 45102 1
 
39770 39770 1
40480 40480 1
35299 35299 1
36354 36354 1
37431 37431 1
38708 38708 1
39399 39399 1
35137 35137 1
35713 35713 1
37569 37569 1
38199 38199 1
39329 39329 1
40043 40043 1
37896 37896 1
37366 37366 1
34714 34714 1
35830 35830 1
37645 37645 1
35899 35899 1
39546 39546 1
37630 37630 1
39197 39197 1
39962 39962 1
46842 46842 1
38743 38743 1
 
43611 43611 1
36339 36339 1
48216 48216 1
44957 44957 1
40303 40303 1
34829 34829 1
89938 89938 1
55821 55821 1
53123 53123 1
45515 45515 1
51210 51210 1
44014 44014 1
36709 36709 1
40521 40521 1
39848 39848 1
40833 40833 1
43615 43615 1
38085 38085 1
41861 41861 1
38245 38245 1
39321 39321 1
39736 39736 1
39047 39047 1
45646 45646 1
40133 40133 1
 
41898 41898 1
43841 43841 1
41407 41407 1
40622 40622 1
36202 36202 1
41076 41076 1
43103 43103 1
42860 42860 1
39832 39832 1
34748 34748 1
43873 43873 1
44471 44471 1
38948 38948 1
103845 103845 1
51925 51925 1
41777 41777 1
42525 42525 1
44793 44793 1
39774 39774 1
39960 39960 1
39693 39693 1
42536 42536 1
44085 44085 1
43041 43041 1
45389 45389 1

15004 15004 1
14632 14632 1
14819 14819 1
13569 13569 1
13448 13448 1
13308 13308 1
13371 13371 1
13225 13225 1
14305 14305 1
13600 13600 1
13492 13492 1
13581 13581 1
13318 13318 1
13317 13317 1
13342 13342 1
14771 14771 1
13270 13270 1
13340 13340 1
13303 13303 1
13375 13375 1
13429 13429 1
13220 13220 1
13328 13328 1
13243 13243 1
13538 13538 1
 
7764 15707 0
7810 15758 0
7937 15670 0
24620 45749 0
10849 20456 0
10383 20154 0
9682 17609 0
9706 16857 0
8784 15658 0
8906 15553 0
8350 15930 0
7431 15629 0
8338 16003 0
8445 15737 0
8198 15718 0
7795 15639 0
8690 17028 0
8950 15657 0
8112 15657 0
8113 15895 0
8105 15644 0
8298 15462 0
7844 16154 0
7766 15892 0
7960 15605 0
 
===
