753 753 1
104 104 1
306 306 1
123 123 1
132 132 1
1107 1107 1
1137 1137 1
178 178 1
112 112 1
822 822 1
591 591 1
360 360 1
246 246 1
122 122 1
354 354 1
136 136 1
199 199 1
437 437 1
749 749 1
116 116 1
585 585 1
166 166 1
120 120 1
403 403 1
191 191 1
 
621 621 1
298 298 1
285 285 1
945 945 1
172 172 1
188 188 1
273 273 1
586 586 1
288 288 1
596 596 1
235 235 1
383 383 1
172 172 1
108 108 1
1132 1132 1
373 373 1
315 315 1
107 107 1
669 669 1
577 577 1
273 273 1
122 122 1
124 124 1
215 215 1
258 258 1
 
717 717 1
405 405 1
387 387 1
1300 1300 1
246 246 1
816 816 1
549 549 1
369 369 1
199 199 1
649 649 1
260 260 1
136 136 1
636 636 1
817 817 1
342 342 1
572 572 1
339 339 1
337 337 1
382 382 1
1047 1047 1
849 849 1
442 442 1
344 344 1
279 279 1
479 479 1
 
1546 1546 1
656 656 1
437 437 1
1830 1830 1
224 224 1
1299 1299 1
655 655 1
1351 1351 1
1552 1552 1
440 440 1
519 519 1
640 640 1
857 857 1
1957 1957 1
106 106 1
634 634 1
284 284 1
529 529 1
862 862 1
353 353 1
242 242 1
731 731 1
169 169 1
430 430 1
919 919 1
 
749 749 1
1615 1615 1
841 841 1
1703 1703 1
2555 2555 1
483 483 1
1396 1396 1
817 817 1
593 593 1
895 895 1
356 356 1
390 390 1
1285 1285 1
493 493 1
260 260 1
307 307 1
414 414 1
564 564 1
444 444 1
627 627 1
1013 1013 1
616 616 1
920 920 1
1409 1409 1
661 661 1
 
989 989 1
927 927 1
1414 1414 1
503 503 1
843 843 1
1913 1913 1
1019 1019 1
483 483 1
1019 1019 1
1286 1286 1
550 550 1
509 509 1
392 392 1
970 970 1
1391 1391 1
905 905 1
740 740 1
433 433 1
733 733 1
1513 1513 1
1320 1320 1
836 836 1
551 551 1
746 746 1
1145 1145 1
 
1689 1689 1
1191 1191 1
1767 1767 1
1365 1365 1
862 862 1
1166 1166 1
665 665 1
1490 1490 1
1090 1090 1
605 605 1
1377 1377 1
704 704 1
1022 1022 1
920 920 1
593 593 1
794 794 1
1665 1665 1
910 910 1
1721 1721 1
872 872 1
363 363 1
626 626 1
1926 1926 1
838 838 1
1489 1489 1
 
621 621 1
1568 1568 1
424 424 1
379 379 1
1919 1919 1
919 919 1
854 854 1
428 428 1
550 550 1
1363 1363 1
1205 1205 1
2236 2236 1
1287 1287 1
1134 1134 1
1934 1934 1
2246 2246 1
1567 1567 1
1805 1805 1
532 532 1
998 998 1
1464 1464 1
1595 1595 1
1804 1804 1
1171 1171 1
1133 1133 1
 
1536 1536 1
2679 2679 1
758 758 1
2377 2377 1
1445 1445 1
1330 1330 1
2145 2145 1
1263 1263 1
1250 1250 1
2534 2534 1
1723 1723 1
1345 1345 1
1415 1415 1
757 757 1
1192 1192 1
1454 1454 1
1235 1235 1
1590 1590 1
1346 1346 1
911 911 1
659 659 1
2142 2142 1
1423 1423 1
819 819 1
949 949 1
 
1682 1682 1
1885 1885 1
397 397 1
2234 2234 1
1926 1926 1
1331 1331 1
961 961 1
694 694 1
1205 1205 1
1783 1783 1
525 525 1
1716 1716 1
1273 1273 1
1280 1280 1
1479 1479 1
873 873 1
1722 1722 1
1639 1639 1
2257 2257 1
773 773 1
1133 1133 1
1409 1409 1
1739 1739 1
1240 1240 1
1505 1505 1
 
2465 2465 1
1190 1190 1
1215 1215 1
1785 1785 1
1562 1562 1
738 738 1
2342 2342 1
1488 1488 1
1056 1056 1
1568 1568 1
1770 1770 1
1634 1634 1
1101 1101 1
2804 2804 1
2546 2546 1
1203 1203 1
1595 1595 1
2040 2040 1
3264 3264 1
1476 1476 1
923 923 1
1015 1015 1
1273 1273 1
1390 1390 1
1717 1717 1
 
2251 2251 1
1509 1509 1
1157 1157 1
3257 3257 1
1369 1369 1
781 781 1
1751 1751 1
2409 2409 1
2085 2085 1
1313 1313 1
2525 2525 1
2075 2075 1
1780 1780 1
1120 1120 1
2095 2095 1
1151 1151 1
1304 1304 1
997 997 1
1527 1527 1
1469 1469 1
841 841 1
1103 1103 1
1977 1977 1
2096 2096 1
1220 1220 1
 
932 932 1
2488 2488 1
1269 1269 1
2275 2275 1
1454 1454 1
2119 2119 1
2808 2808 1
1633 1633 1
1038 1038 1
798 798 1
1274 1274 1
1818 1818 1
1734 1734 1
1959 1959 1
1131 1131 1
1400 1400 1
1993 1993 1
1065 1065 1
944 944 1
997 997 1
2189 2189 1
1772 1772 1
2335 2335 1
1476 1476 1
1748 1748 1
 
1767 1767 1
1798 1798 1
2499 2499 1
2865 2865 1
2024 2024 1
2258 2258 1
1432 1432 1
1811 1811 1
1738 1738 1
2038 2038 1
2100 2100 1
2041 2041 1
2147 2147 1
2558 2558 1
729 729 1
2109 2109 1
1466 1466 1
2103 2103 1
1030 1030 1
1891 1891 1
2154 2154 1
2909 2909 1
1974 1974 1
1591 1591 1
1708 1708 1
 
1817 1817 1
1595 1595 1
2768 2768 1
2199 2199 1
1356 1356 1
2110 2110 1
2144 2144 1
2950 2950 1
2540 2540 1
1225 1225 1
1255 1255 1
1673 1673 1
769 769 1
2121 2121 1
2882 2882 1
2261 2261 1
2434 2434 1
2437 2437 1
1700 1700 1
4657 4657 1
2727 2727 1
2757 2757 1
2169 2169 1
2358 2358 1
1652 1652 1
 
1288 1288 1
3416 3416 1
3077 3077 1
1355 1355 1
1460 1460 1
3244 3244 1
2383 2383 1
2112 2112 1
2118 2118 1
3443 3443 1
2876 2876 1
2491 2491 1
2630 2630 1
1989 1989 1
974 974 1
1661 1661 1
2209 2209 1
2491 2491 1
3003 3003 1
1348 1348 1
2135 2135 1
2723 2723 1
2343 2343 1
2172 2172 1
1170 1170 1
 
2474 2474 1
2159 2159 1
3236 3236 1
2881 2881 1
1795 1795 1
1844 1844 1
2589 2589 1
2625 2625 1
3197 3197 1
2020 2020 1
1968 1968 1
2080 2080 1
1732 1732 1
2665 2665 1
3063 3063 1
1223 1223 1
1992 1992 1
2427 2427 1
2745 2745 1
3341 3341 1
2319 2319 1
1938 1938 1
1792 1792 1
2058 2058 1
3241 3241 1
 
2856 2856 1
2606 2606 1
2046 2046 1
2545 2545 1
3365 3365 1
1977 1977 1
1306 1306 1
2156 2156 1
3023 3023 1
2932 2932 1
2697 2697 1
1695 1695 1
1925 1925 1
1778 1778 1
3581 3581 1
2592 2592 1
1654 1654 1
2804 2804 1
3466 3466 1
2912 2912 1
1644 1644 1
3330 3330 1
1607 1607 1
1379 1379 1
2267 2267 1
 
1788 1788 1
2425 2425 1
1881 1881 1
3303 3303 1
1630 1630 1
3494 3494 1
1902 1902 1
2592 2592 1
4595 4595 1
2531 2531 1
2756 2756 1
1909 1909 1
2590 2590 1
2609 2609 1
2147 2147 1
3009 3009 1
2747 2747 1
1497 1497 1
3327 3327 1
2126 2126 1
1535 1535 1
3613 3613 1
2351 2351 1
3828 3828 1
3693 3693 1
 
2671 2671 1
4305 4305 1
2893 2893 1
2084 2084 1
4499 4499 1
2223 2223 1
2829 2829 1
1708 1708 1
3917 3917 1
4247 4247 1
2193 2193 1
2279 2279 1
5152 5152 1
2537 2537 1
2505 2505 1
3344 3344 1
3119 3119 1
3675 3675 1
2289 2289 1
2467 2467 1
3062 3062 1
3634 3634 1
2854 2854 1
2572 2572 1
3703 3703 1
 
1842 1842 1
2567 2567 1
3787 3787 1
2441 2441 1
2618 2618 1
1592 1592 1
2733 2733 1
2565 2565 1
1916 1916 1
1981 1981 1
2010 2010 1
3216 3216 1
4056 4056 1
2119 2119 1
1799 1799 1
1189 1189 1
3218 3218 1
3788 3788 1
3748 3748 1
4318 4318 1
2504 2504 1
2735 2735 1
4353 4353 1
2547 2547 1
1537 1537 1
 
2253 2253 1
4205 4205 1
2727 2727 1
4747 4747 1
1973 1973 1
3618 3618 1
4803 4803 1
6343 6343 1
2227 2227 1
1284 1284 1
3296 3296 1
3806 3806 1
2606 2606 1
3047 3047 1
2764 2764 1
3029 3029 1
1935 1935 1
2641 2641 1
3492 3492 1
2570 2570 1
5621 5621 1
2611 2611 1
3491 3491 1
3717 3717 1
3973 3973 1
 
2461 2461 1
3989 3989 1
4850 4850 1
3134 3134 1
5443 5443 1
2797 2797 1
4448 4448 1
3809 3809 1
3968 3968 1
3339 3339 1
4047 4047 1
3019 3019 1
2786 2786 1
4766 4766 1
3194 3194 1
3721 3721 1
4727 4727 1
3727 3727 1
2569 2569 1
2354 2354 1
2457 2457 1
3249 3249 1
2978 2978 1
2370 2370 1
4974 4974 1
 
3550 3550 1
4265 4265 1
3736 3736 1
5385 5385 1
2668 2668 1
3411 3411 1
3644 3644 1
3653 3653 1
4267 4267 1
2813 2813 1
6431 6431 1
2251 2251 1
2665 2665 1
2940 2940 1
3404 3404 1
4650 4650 1
3418 3418 1
2685 2685 1
2907 2907 1
2791 2791 1
4002 4002 1
2125 2125 1
5037 5037 1
2523 2523 1
2712 2712 1
 
4416 4416 1
3602 3602 1
4814 4814 1
4971 4971 1
2497 2497 1
3798 3798 1
4565 4565 1
2614 2614 1
4444 4444 1
3509 3509 1
3904 3904 1
3745 3745 1
1920 1920 1
2997 2997 1
3194 3194 1
2601 2601 1
4494 4494 1
3057 3057 1
3078 3078 1
5019 5019 1
3607 3607 1
2749 2749 1
3757 3757 1
4805 4805 1
2455 2455 1
 
2519 2519 1
1803 1803 1
3036 3036 1
2887 2887 1
4674 4674 1
3336 3336 1
2458 2458 1
2256 2256 1
3403 3403 1
3451 3451 1
3787 3787 1
4207 4207 1
2146 2146 1
3543 3543 1
2441 2441 1
3388 3388 1
3189 3189 1
3569 3569 1
5376 5376 1
5423 5423 1
5778 5778 1
2856 2856 1
4108 4108 1
2855 2855 1
3187 3187 1
 
3757 3757 1
4352 4352 1
4570 4570 1
3991 3991 1
5893 5893 1
3257 3257 1
3086 3086 1
4542 4542 1
5004 5004 1
4271 4271 1
2248 2248 1
3477 3477 1
4107 4107 1
6323 6323 1
3610 3610 1
2646 2646 1
2511 2511 1
3943 3943 1
3037 3037 1
3052 3052 1
4319 4319 1
3534 3534 1
4454 4454 1
3370 3370 1
4485 4485 1
 
2137 2137 1
3428 3428 1
2859 2859 1
3064 3064 1
4394 4394 1
5150 5150 1
2948 2948 1
2428 2428 1
4181 4181 1
4353 4353 1
3091 3091 1
4618 4618 1
3064 3064 1
2736 2736 1
5012 5012 1
3087 3087 1
3940 3940 1
5191 5191 1
3330 3330 1
3605 3605 1
3342 3342 1
1925 1925 1
3630 3630 1
2020 2020 1
2766 2766 1
 
2736 2736 1
5351 5351 1
5108 5108 1
4937 4937 1
4409 4409 1
4313 4313 1
4194 4194 1
3386 3386 1
2823 2823 1
3151 3151 1
4308 4308 1
2703 2703 1
3104 3104 1
2285 2285 1
3619 3619 1
5467 5467 1
4492 4492 1
2909 2909 1
3841 3841 1
3353 3353 1
3649 3649 1
3077 3077 1
5411 5411 1
4343 4343 1
1971 1971 1
 
5506 5506 1
3453 3453 1
5180 5180 1
3460 3460 1
4257 4257 1
4137 4137 1
6157 6157 1
4234 4234 1
4751 4751 1
3213 3213 1
4552 4552 1
3806 3806 1
5943 5945 0
3299 3299 1
2769 2770 0
5263 5263 1
3162 3162 1
5024 5024 1
3373 3373 1
3508 3508 1
3017 3017 1
4253 4253 1
3332 3332 1
2071 2071 1
2908 2909 0
 
3280 3280 1
4142 4142 1
4556 4556 1
5198 5198 1
5634 5634 1
3516 3516 1
4421 4421 1
3495 3495 1
2634 2634 1
4235 4235 1
5359 5359 1
3665 3665 1
4316 4316 1
2322 2322 1
4192 4192 1
3522 3522 1
3344 3344 1
5886 5886 1
4436 4436 1
5050 5050 1
4302 4302 1
5214 5214 1
3134 3134 1
2805 2805 1
5008 5008 1
 
4124 4128 0
4737 4737 1
4004 4004 1
4208 4208 1
3424 3424 1
5173 5173 1
4277 4277 1
3393 3393 1
4143 4143 1
5669 5669 1
3450 3450 1
5442 5443 0
4818 4818 1
3729 3729 1
6026 6026 1
5636 5636 1
3068 3068 1
4107 4107 1
4610 4610 1
3493 3493 1
4001 4001 1
4669 4669 1
4168 4168 1
3016 3016 1
6112 6112 1
 
5572 5572 1
3342 3342 1
4012 4013 0
3685 3685 1
3056 3056 1
3885 3885 1
5132 5134 0
3934 3934 1
7786 7786 1
6087 6087 1
4903 4903 1
3359 3367 0
5100 5100 1
4077 4080 0
5252 5252 1
4921 4921 1
4174 4174 1
4507 4507 1
4347 4347 1
3493 3493 1
4010 4010 1
3814 3815 0
6073 6073 1
2672 2673 0
5839 5839 1
 
5335 5335 1
6796 6796 1
5311 5311 1
3771 3772 0
4746 4747 0
6906 6913 0
4226 4229 0
2790 2793 0
4003 4009 0
3137 3140 0
4613 4613 1
6427 6427 1
5779 5779 1
7242 7242 1
3465 3470 0
4470 4471 0
5270 5283 0
4342 4344 0
4668 4668 1
6512 6515 0
3827 3827 1
5469 5470 0
4375 4375 1
6437 6437 1
5750 5751 0
 
6115 6115 1
3546 3549 0
3688 3696 0
4361 4361 1
5393 5393 1
5028 5028 1
4603 4603 1
3868 3873 0
3686 3687 0
4018 4018 1
3611 3611 1
4882 4886 0
3289 3289 1
3341 3346 0
5092 5093 0
4816 4816 1
5190 5190 1
4238 4239 0
4872 4872 1
2184 2184 1
3444 3444 1
4955 4958 0
3487 3500 0
4892 4892 1
4236 4236 1
 
2951 2961 0
5995 5995 1
6185 6185 1
5762 5786 0
2464 2471 0
4919 4920 0
5870 5891 0
4581 4620 0
3541 3547 0
4080 4089 0
5537 5564 0
4778 4783 0
5184 5184 1
3921 3923 0
4658 4658 1
3255 3270 0
4374 4375 0
4730 4730 1
5523 5529 0
7423 7425 0
3049 3061 0
6061 6061 1
4597 4611 0
3429 3442 0
3830 3831 0
 
7618 7699 0
4610 4628 0
5365 5366 0
6364 6364 1
5962 5963 0
4935 4957 0
4293 4295 0
6033 6058 0
4367 4370 0
6526 6626 0
3678 3692 0
2748 2759 0
5670 5681 0
5868 5868 1
4483 4483 1
6313 6313 1
4859 4859 1
4102 4107 0
3626 3630 0
5112 5112 1
5560 5561 0
4912 4929 0
5493 5493 1
5263 5295 0
4707 4708 0
 
5020 5042 0
4292 4342 0
8283 8283 1
6389 6390 0
6983 7014 0
3907 3978 0
6277 6277 1
5868 5869 0
4630 4765 0
4474 4476 0
3333 3350 0
4980 5031 0
3698 3715 0
7362 7362 1
5633 5683 0
4057 4102 0
5742 5743 0
5786 5793 0
5569 5572 0
5457 5471 0
3590 3613 0
5053 5060 0
5143 5152 0
5353 5356 0
5371 5375 0
 
5340 5377 0
6520 6522 0
3598 3662 0
4104 4157 0
4714 4716 0
5776 5822 0
4573 4617 0
5319 5320 0
4153 4158 0
3765 3778 0
5558 5572 0
5876 5888 0
6200 6250 0
4821 4821 1
5454 5476 0
4268 4357 0
5380 5380 1
3118 3190 0
7777 7799 0
6369 6375 0
7306 7320 0
7305 7332 0
6984 6984 1
5686 5735 0
4358 4365 0
 
4771 5076 0
6146 6258 0
8365 8392 0
6317 6320 0
3996 3996 1
4277 4340 0
6129 6205 0
5038 5143 0
5314 5330 0
8500 8507 0
4918 5035 0
5316 5328 0
3873 3874 0
6734 6734 1
5847 5970 0
4925 4954 0
4897 4918 0
5286 5298 0
6154 6272 0
4843 4995 0
6331 6407 0
4881 4890 0
5116 5126 0
3847 3905 0
5321 5375 0
 
3947 4069 0
6147 6264 0
8386 8768 0
2937 3454 0
6323 6397 0
5116 5384 0
6612 6942 0
6254 6357 0
4559 5022 0
4522 4661 0
5055 5222 0
6645 7019 0
5490 5720 0
6099 6242 0
3744 4047 0
5692 5910 0
5718 5756 0
5420 5941 0
5823 6033 0
5272 5482 0
3864 4279 0
3697 4064 0
6574 6723 0
4931 5448 0
5970 6304 0
 
1081 7041 0
859 4477 0
828 6392 0
1196 5076 0
786 4981 0
1034 8765 0
597 4254 0
1134 6803 0
526 5205 0
829 4995 0
1121 6551 0
791 4619 0
1243 6675 0
749 5626 0
808 5757 0
1514 8194 0
687 4755 0
955 6563 0
1064 5697 0
866 5767 0
815 5393 0
1206 7188 0
1160 7897 0
848 4780 0
863 5589 0
 
===
