4878 4878 1
5852 5852 1
4420 4420 1
7665 7665 1
5426 5426 1
4602 4602 1
6359 6359 1
6380 6380 1
4837 4837 1
4556 4556 1
4060 4060 1
4509 4509 1
7111 7111 1
6159 6159 1
5587 5587 1
6163 6163 1
5253 5253 1
5400 5400 1
6938 6938 1
5610 5610 1
4188 4188 1
6350 6350 1
5385 5385 1
4785 4785 1
5542 5542 1
 
14095 14095 1
12455 12455 1
10242 10242 1
13954 13954 1
10113 10113 1
14545 14545 1
10554 10554 1
11528 11528 1
13160 13160 1
10498 10498 1
13664 13664 1
13950 13950 1
10313 10313 1
13837 13837 1
10064 10064 1
14037 14037 1
10704 10704 1
12082 12082 1
12357 12357 1
10903 10903 1
13264 13264 1
13237 13237 1
11401 11401 1
14767 14767 1
9843 9843 1
 
2335 5896 0
3250 7031 0
2979 6477 0
2139 5391 0
1991 5297 0
2264 5638 0
1885 5304 0
2896 6793 0
2087 5219 0
2478 5607 0
2457 6056 0
2075 5856 0
3466 8443 0
2521 6914 0
1873 5565 0
2255 5941 0
2410 6374 0
2962 6441 0
2516 6702 0
1970 5751 0
2241 6145 0
2287 6161 0
3574 7689 0
2392 5836 0
1727 5060 0
 
2939 6289 0
3144 6369 0
4040 6994 0
3471 6815 0
3193 6578 0
3209 6230 0
3289 6545 0
2927 5971 0
3332 6505 0
2968 6215 0
2163 5289 0
3805 7216 0
3395 6685 0
3108 6279 0
3506 6471 0
3066 6393 0
2488 5711 0
2284 5437 0
3358 6701 0
2980 6266 0
3725 8639 0
4591 8350 0
1837 5017 0
3886 7644 0
4279 7872 0
 
788 7485 0
704 6764 0
719 7241 0
878 8356 0
766 7389 0
647 6048 0
667 6375 0
634 5965 0
970 8101 0
542 5759 0
618 5857 0
600 5924 0
746 7216 0
665 6639 0
681 5939 0
656 6318 0
537 5780 0
872 8027 0
628 6239 0
613 6503 0
593 5293 0
701 7475 0
712 6936 0
542 5141 0
1287 12149 0
 
===
