106 210 0
150 388 0
222 285 0
159 216 0
463 567 0
223 293 0
210 382 0
121 177 0
128 186 0
237 303 0
261 348 0
193 263 0
593 707 0
124 183 0
156 235 0
209 305 0
719 764 0
673 722 0
376 476 0
510 567 0
393 439 0
163 264 0
213 282 0
1061 1118 0
113 166 0
 
8 369 0
8 296 0
463 583 0
655 750 0
378 488 0
332 461 0
212 506 0
202 602 0
121 489 0
10 242 0
196 346 0
11 331 0
127 231 0
1137 1430 0
6 263 0
10 372 0
120 452 0
6 252 0
511 861 0
9 325 0
9 256 0
154 253 0
18 510 0
10 296 0
7 275 0
 
19 335 0
17 415 0
21 378 0
14 417 0
8 261 0
13 320 0
13 311 0
13 323 0
15 392 0
15 322 0
14 314 0
20 450 0
35 393 0
13 394 0
19 433 0
247 384 0
14 319 0
800 1143 0
118 516 0
16 399 0
13 465 0
14 321 0
13 367 0
18 394 0
13 323 0
 
22 411 0
15 263 0
20 310 0
14 302 0
445 681 0
17 340 0
486 919 0
14 302 0
308 882 0
177 564 0
14 338 0
14 305 0
17 365 0
17 306 0
14 338 0
21 420 0
22 339 0
15 259 0
14 341 0
25 405 0
13 216 0
119 365 0
23 396 0
26 349 0
484 773 0
 
167 920 0
165 501 0
17 287 0
14 243 0
16 244 0
25 552 0
22 431 0
165 783 0
20 364 0
14 258 0
21 395 0
21 384 0
27 458 0
22 407 0
31 302 0
18 292 0
26 387 0
21 249 0
18 323 0
187 421 0
17 449 0
201 556 0
16 248 0
862 1155 0
14 281 0
 
===
