791 791 1
2722 2722 1
1186 1186 1
816 816 1
1060 1060 1
553 553 1
1834 1834 1
1011 1011 1
1887 1887 1
1399 1399 1
2521 2521 1
1087 1087 1
2161 2161 1
897 897 1
2055 2055 1
1251 1251 1
1509 1509 1
1084 1084 1
783 783 1
869 869 1
1293 1293 1
809 809 1
1186 1186 1
1044 1044 1
1869 1869 1
 
2446 2453 0
2320 2385 0
2856 2898 0
2505 2530 0
3101 3130 0
1882 1883 0
2510 2521 0
3182 3182 1
3210 3231 0
3181 3250 0
2212 2308 0
2796 2811 0
3892 3892 1
2800 2846 0
2580 2581 0
3286 3304 0
2052 2120 0
2876 2878 0
3469 3532 0
2660 2660 1
2063 2065 0
1846 1868 0
1969 1980 0
2724 2724 1
2439 2488 0
 
465 1247 0
745 1464 0
948 1849 0
218 810 0
508 1167 0
305 1019 0
807 1704 0
474 1315 0
402 1363 0
702 1606 0
769 1552 0
358 1083 0
389 1168 0
677 1511 0
836 1621 0
209 986 0
345 1118 0
750 1468 0
282 940 0
973 1739 0
753 1347 0
754 1456 0
658 1433 0
615 1269 0
594 1308 0
 
623 1257 0
698 1327 0
491 1147 0
326 919 0
587 1293 0
660 1292 0
877 1537 0
460 1175 0
477 1118 0
889 1520 0
852 1482 0
426 1141 0
560 1200 0
920 1574 0
581 1294 0
716 1364 0
840 1486 0
897 1593 0
457 1277 0
803 1558 0
457 1233 0
409 1002 0
500 1281 0
963 1700 0
1177 1804 0
 
128 1324 0
123 1301 0
107 1138 0
177 1675 0
91 1060 0
93 1251 0
72 926 0
109 1268 0
148 1665 0
110 1237 0
127 1372 0
134 1183 0
115 1083 0
122 1270 0
86 1065 0
144 1497 0
136 1230 0
131 1257 0
153 1638 0
95 1234 0
66 892 0
126 1344 0
143 1387 0
119 1112 0
141 1422 0
 
===
