1817 1817 1
1595 1595 1
2792 2792 1
2200 2200 1
1353 1353 1
2109 2109 1
2144 2144 1
2951 2951 1
2541 2541 1
1225 1225 1
1255 1255 1
1673 1673 1
768 768 1
2123 2123 1
2882 2882 1
2261 2261 1
2435 2435 1
2437 2437 1
1699 1699 1
4660 4660 1
2724 2724 1
2759 2759 1
2167 2167 1
2357 2357 1
1652 1652 1
 
2674 2674 1
4306 4306 1
2892 2892 1
2085 2085 1
4499 4499 1
2223 2223 1
2828 2828 1
1708 1708 1
3917 3917 1
4248 4248 1
2194 2194 1
2278 2278 1
5151 5151 1
2537 2537 1
2507 2507 1
3344 3344 1
3105 3105 1
3671 3671 1
2291 2291 1
2468 2468 1
3062 3062 1
3634 3634 1
2862 2862 1
2570 2570 1
3702 3702 1
 
4417 4417 1
3616 3616 1
4817 4817 1
4972 4972 1
2496 2496 1
3801 3801 1
4566 4566 1
2613 2613 1
4444 4444 1
3486 3486 1
3887 3887 1
3744 3744 1
1919 1919 1
2996 2996 1
3193 3193 1
2599 2599 1
4498 4498 1
3054 3054 1
3077 3077 1
5015 5015 1
3607 3607 1
2749 2749 1
3755 3755 1
4838 4838 1
2454 2454 1
 
5506 5506 1
3451 3451 1
6734 6734 1
4119 4119 1
4827 4827 1
4204 4204 1
6274 6274 1
4280 4280 1
5025 5025 1
3231 3231 1
4583 4583 1
3840 3840 1
6261 6263 0
3341 3341 1
2790 2791 0
5527 5527 1
3161 3161 1
5074 5074 1
3412 3412 1
3530 3530 1
3042 3042 1
4359 4359 1
3362 3362 1
2079 2079 1
2935 2936 0
 
6129 6129 1
3547 3551 0
3753 3761 0
4283 4283 1
5457 5457 1
5046 5046 1
4584 4584 1
3893 3898 0
3713 3714 0
4046 4046 1
3678 3678 1
4953 4957 0
3441 3441 1
3375 3379 0
5182 5183 0
4816 4816 1
5071 5071 1
4239 4240 0
4866 4866 1
2185 2185 1
3450 3450 1
4953 4956 0
3487 3500 0
4892 4892 1
4239 4239 1
 
4775 5076 0
6147 6259 0
8361 8388 0
6322 6325 0
4001 4001 1
4276 4340 0
6132 6208 0
5038 5145 0
5315 5331 0
8496 8503 0
4903 5023 0
5313 5326 0
3876 3876 1
6740 6740 1
5844 5967 0
4932 4962 0
4898 4919 0
5290 5301 0
6154 6274 0
4844 4997 0
6322 6399 0
4873 4882 0
5116 5126 0
3850 3908 0
5325 5383 0
 
3949 4073 0
6145 6259 0
8367 8747 0
2947 3451 0
6334 6406 0
5119 5388 0
6611 6944 0
6254 6358 0
4549 5013 0
4524 4662 0
5057 5225 0
6643 7021 0
5494 5725 0
6108 6250 0
3737 4049 0
5692 5909 0
5728 5768 0
5421 5940 0
5817 6026 0
5232 5439 0
3874 4289 0
3522 3890 0
6646 6796 0
4924 5441 0
5970 6303 0
 
===
