404 427 0
342 370 0
422 456 0
482 495 0
410 421 0
380 397 0
386 404 0
396 421 0
467 491 0
453 468 0
324 346 0
271 322 0
503 513 0
298 350 0
351 394 0
322 377 0
379 411 0
412 427 0
380 404 0
458 462 0
365 400 0
469 489 0
481 500 0
424 446 0
415 454 0
 
389 480 0
493 568 0
364 456 0
348 414 0
442 535 0
440 510 0
360 436 0
383 449 0
378 441 0
548 607 0
278 391 0
359 439 0
333 415 0
413 470 0
383 472 0
413 486 0
437 495 0
348 460 0
231 314 0
403 465 0
405 489 0
505 595 0
324 417 0
278 365 0
354 455 0
 
245 433 0
272 537 0
268 416 0
363 552 0
380 542 0
342 492 0
220 387 0
347 558 0
281 484 0
299 514 0
246 391 0
326 588 0
239 464 0
273 450 0
236 436 0
343 546 0
336 497 0
224 403 0
213 363 0
230 386 0
411 605 0
325 501 0
254 436 0
239 381 0
193 345 0
 
290 595 0
336 612 0
209 487 0
209 451 0
264 550 0
133 319 0
273 606 0
182 418 0
284 603 0
275 578 0
267 525 0
141 372 0
199 462 0
164 394 0
280 558 0
193 425 0
318 558 0
214 428 0
200 442 0
224 440 0
188 427 0
134 343 0
221 479 0
159 393 0
201 497 0
 
===
