3159 8363 0
3045 10289 0
2643 7747 0
2008 6922 0
3199 9463 0
3310 11597 0
2595 8682 0
3494 12143 0
2517 6785 0
2512 8144 0
2460 7953 0
2832 9104 0
2864 7395 0
2461 6965 0
2725 7622 0
2597 7935 0
3109 8030 0
3117 10008 0
2808 8074 0
2365 7004 0
2858 7995 0
2745 8493 0
2928 9822 0
3154 9589 0
2313 8896 0
 
1003 8767 0
1026 8023 0
1039 8730 0
1103 8900 0
993 8478 0
866 7227 0
939 7054 0
1168 9668 0
961 7929 0
1277 9903 0
1247 9214 0
1046 9718 0
954 8460 0
1100 9861 0
1130 9262 0
1075 10459 0
1141 9674 0
1068 9050 0
1040 8578 0
999 8961 0
1075 9115 0
743 6565 0
1270 9797 0
1306 10385 0
1372 11265 0
 
654 7486 0
685 8995 0
815 8630 0
626 7655 0
645 7718 0
759 7680 0
701 7937 0
686 8293 0
790 8023 0
890 9284 0
657 7330 0
612 6999 0
761 8241 0
672 7789 0
743 8323 0
909 8320 0
711 9037 0
773 7772 0
697 6726 0
616 7550 0
709 8243 0
650 8739 0
580 6301 0
686 8086 0
636 7736 0
 
638 7902 0
590 6407 0
594 7054 0
470 6334 0
585 8115 0
532 7005 0
551 7037 0
594 7058 0
560 7292 0
534 7230 0
522 6950 0
576 6990 0
463 6632 0
558 7326 0
513 6434 0
516 6022 0
508 7043 0
452 6365 0
565 7182 0
471 6904 0
566 6654 0
460 6525 0
472 6188 0
493 7136 0
453 6285 0
 
===
