10905 15323 0
11661 15423 0
12075 15382 0
12008 15436 0
11722 15275 0
11551 15269 0
10036 15542 0
11645 15210 0
10100 15864 0
14503 17800 0
14725 18231 0
11320 17069 0
14317 17246 0
9359 15693 0
11678 15927 0
10795 15529 0
9330 15691 0
11875 15502 0
10817 15427 0
11799 15538 0
11739 15370 0
10612 15440 0
11048 15320 0
11912 15355 0
19278 23309 0
 
6750 21346 0
5410 17958 0
5683 17864 0
4844 16487 0
5451 16398 0
5372 16723 0
5465 16341 0
5738 16118 0
5493 16018 0
5399 16149 0
5215 16347 0
4720 16128 0
5339 16058 0
15166 44735 0
5818 18196 0
5263 17700 0
5476 17939 0
6360 17853 0
5046 16422 0
4997 16399 0
4953 16194 0
5364 16197 0
4617 16232 0
5175 16239 0
4831 16229 0
 
3340 16407 0
3423 16448 0
3258 16969 0
8050 34558 0
4121 18826 0
4271 18205 0
4001 18373 0
4008 18072 0
3643 16679 0
3366 16544 0
3666 16577 0
3641 16564 0
3683 16483 0
3575 16388 0
3755 16520 0
3531 16393 0
3640 16350 0
9266 40618 0
4292 18503 0
3822 18230 0
3967 18102 0
3965 18034 0
3614 16624 0
3313 16623 0
3202 16616 0
 
2865 16532 0
3005 16791 0
2785 16716 0
2826 16350 0
2645 16557 0
2907 16321 0
4194 23565 0
2982 19227 0
3174 18423 0
3159 18151 0
3415 20021 0
2829 16221 0
2999 16680 0
2879 16484 0
2767 16473 0
2855 16497 0
2945 16935 0
2697 16405 0
2597 16569 0
2896 16364 0
2743 16109 0
3662 23681 0
3427 20236 0
3065 18401 0
3458 19619 0
 
===
