570 5266 0
601 2984 0
805 4124 0
880 4204 0
316 3149 0
731 3238 0
571 2993 0
431 3058 0
621 3118 0
378 2102 0
600 3687 0
465 2329 0
442 2624 0
503 2541 0
361 2901 0
445 2671 0
641 3683 0
540 2842 0
715 4302 0
572 3984 0
538 2853 0
832 4037 0
630 3883 0
708 3760 0
803 4346 0
 
174 2262 0
357 3426 0
322 3518 0
135 2296 0
304 4062 0
166 2033 0
232 3168 0
184 2728 0
211 2548 0
335 4314 0
306 3687 0
162 3974 0
483 4185 0
280 4250 0
263 3042 0
195 2511 0
277 3724 0
176 2978 0
348 3898 0
275 2862 0
243 3312 0
276 3652 0
173 2319 0
265 3194 0
227 3048 0
 
116 2071 0
160 2676 0
152 2940 0
202 3062 0
162 2384 0
173 3115 0
306 2968 0
128 2589 0
203 3334 0
141 2361 0
186 3285 0
208 3031 0
153 2764 0
143 2834 0
180 3087 0
187 2523 0
193 2878 0
116 2364 0
169 2760 0
233 2946 0
139 2381 0
175 2573 0
164 3312 0
151 3038 0
191 2866 0
 
107 2538 0
111 2372 0
127 2546 0
173 2567 0
99 2315 0
133 2789 0
168 2532 0
115 2181 0
141 2626 0
107 2154 0
123 2565 0
142 2589 0
161 2176 0
104 2488 0
112 2609 0
125 2332 0
176 2760 0
111 2406 0
96 1935 0
141 2801 0
202 2380 0
170 2638 0
132 2795 0
99 2320 0
143 2724 0
 
===
