749 749 1
1614 1614 1
841 841 1
1698 1698 1
2559 2559 1
483 483 1
1396 1396 1
817 817 1
593 593 1
895 895 1
356 356 1
390 390 1
1285 1285 1
493 493 1
260 260 1
307 307 1
414 414 1
564 564 1
444 444 1
627 627 1
1013 1013 1
616 616 1
920 920 1
1409 1409 1
661 661 1
 
1684 1684 1
1885 1885 1
397 397 1
2234 2234 1
1926 1926 1
1332 1332 1
961 961 1
694 694 1
1205 1205 1
1784 1784 1
525 525 1
1717 1717 1
1273 1273 1
1280 1280 1
1475 1475 1
873 873 1
1721 1721 1
1637 1637 1
2227 2227 1
774 774 1
1133 1133 1
1408 1408 1
1742 1742 1
1240 1240 1
1499 1499 1
 
1819 1819 1
1596 1596 1
2769 2769 1
2200 2200 1
1353 1353 1
2110 2110 1
2145 2145 1
2951 2951 1
2541 2541 1
1225 1225 1
1256 1256 1
1674 1674 1
768 768 1
2122 2122 1
2882 2882 1
2263 2263 1
2437 2437 1
2436 2439 0
1699 1699 1
4659 4659 1
2724 2724 1
2758 2758 1
2169 2169 1
2357 2358 0
1653 1653 1
 
2652 2671 0
4177 4308 0
2890 2895 0
1970 2083 0
4430 4504 0
2154 2225 0
2606 2828 0
1524 1708 0
3833 3917 0
4894 4983 0
2327 2397 0
2451 2457 0
5037 5232 0
2551 2606 0
2603 2609 0
3281 3373 0
3121 3134 0
3644 3688 0
2358 2389 0
2818 2920 0
3064 3077 0
3820 3855 0
2878 2880 0
2624 2639 0
3638 3727 0
 
173 1866 0
226 2605 0
271 3645 0
212 2457 0
222 2640 0
164 1607 0
320 2701 0
241 2527 0
179 1929 0
178 1994 0
161 2026 0
290 3233 0
290 3222 0
161 2055 0
131 1806 0
83 1195 0
418 3022 0
298 3813 0
242 3580 0
234 3508 0
213 2424 0
279 2656 0
318 4282 0
156 2215 0
131 1549 0
 
===
