582 582 1
295 295 1
848 848 1
376 376 1
386 386 1
493 493 1
382 382 1
326 326 1
414 414 1
508 508 1
437 437 1
308 308 1
707 707 1
357 357 1
407 407 1
385 385 1
845 845 1
928 928 1
481 481 1
372 372 1
386 386 1
264 264 1
769 769 1
661 661 1
738 738 1
 
944 944 1
829 829 1
1138 1138 1
760 760 1
858 858 1
1166 1166 1
1987 1987 1
1554 1554 1
1038 1038 1
418 418 1
525 525 1
1033 1033 1
475 475 1
1429 1429 1
473 473 1
432 432 1
629 629 1
454 454 1
1002 1002 1
689 689 1
1084 1084 1
706 706 1
1315 1315 1
1576 1576 1
744 744 1
 
1994 1994 1
1318 1318 1
1617 1617 1
999 999 1
658 658 1
1683 1683 1
858 858 1
922 922 1
636 636 1
1754 1754 1
1937 1937 1
1085 1085 1
1602 1602 1
1217 1217 1
1311 1311 1
647 647 1
1592 1592 1
1915 1915 1
702 702 1
1482 1482 1
1149 1151 0
2419 2419 1
786 786 1
666 666 1
1005 1006 0
 
1442 1734 0
1175 1940 0
1438 1845 0
1058 1345 0
1652 2132 0
1293 1819 0
1048 1304 0
788 1177 0
1568 1746 0
1545 1796 0
869 1318 0
674 930 0
631 1084 0
1050 1311 0
1529 1759 0
1557 1777 0
1494 2068 0
1626 1786 0
1971 2329 0
1250 2166 0
624 1203 0
1425 1599 0
1552 1849 0
1930 2815 0
1549 1868 0
 
158 2250 0
151 1763 0
115 1450 0
72 1264 0
60 916 0
104 1583 0
140 1769 0
65 1043 0
100 1647 0
166 1585 0
150 1358 0
97 1750 0
133 1647 0
98 1306 0
193 2048 0
127 1937 0
91 1285 0
119 1803 0
140 1885 0
94 1593 0
51 927 0
108 2358 0
88 1470 0
148 1734 0
70 1200 0
 
===
