689 689 1
2541 2541 1
1117 1117 1
769 769 1
979 979 1
515 515 1
1827 1827 1
1008 1008 1
1879 1879 1
1307 1307 1
2441 2441 1
1082 1082 1
2055 2055 1
875 875 1
1982 1982 1
1158 1158 1
1477 1477 1
1004 1004 1
716 716 1
864 864 1
1263 1263 1
791 791 1
1101 1101 1
1012 1012 1
1850 1850 1
 
1899 1899 1
2052 2052 1
2636 2636 1
2365 2365 1
2842 2842 1
1726 1726 1
2224 2224 1
2522 2522 1
3147 3147 1
2664 2664 1
1899 1899 1
2754 2754 1
3584 3584 1
2583 2583 1
2547 2547 1
2689 2689 1
2027 2027 1
2775 2775 1
3450 3450 1
2285 2285 1
1753 1753 1
1638 1638 1
1841 1841 1
2370 2370 1
2232 2232 1
 
2727 2727 1
3053 3053 1
5447 5447 1
1873 1873 1
2990 2990 1
3325 3325 1
3780 3780 1
4705 4705 1
2660 2660 1
4031 4031 1
3256 3256 1
2568 2568 1
2693 2693 1
3753 3753 1
3610 3610 1
2641 2641 1
3397 3397 1
2705 2705 1
2761 2761 1
4108 4108 1
2811 2811 1
4011 4011 1
2993 2993 1
2933 2933 1
3074 3074 1
 
4361 4361 1
3842 3842 1
3537 3537 1
3410 3410 1
4812 4812 1
5414 5414 1
7828 7830 0
4854 4854 1
3018 3018 1
4140 4140 1
4751 4751 1
5492 5492 1
3940 3940 1
4655 4655 1
3532 3532 1
4098 4098 1
4402 4402 1
4978 4978 1
5445 5445 1
4267 4267 1
5750 5750 1
4242 4243 0
4157 4157 1
4810 4810 1
5238 5238 1
 
481 3735 0
434 3817 0
364 3586 0
526 4664 0
362 3360 0
435 3649 0
339 3176 0
451 3984 0
540 5312 0
422 4162 0
386 4251 0
444 4489 0
485 3997 0
384 3837 0
424 3698 0
448 4394 0
488 4189 0
444 4369 0
490 5117 0
413 4221 0
341 3237 0
402 4356 0
503 3717 0
507 3831 0
492 4572 0
 
===
