4515 4515 1
5136 5136 1
4133 4133 1
7247 7247 1
4900 4900 1
4270 4270 1
5939 5939 1
5940 5940 1
4754 4754 1
4211 4211 1
3729 3729 1
4312 4312 1
6596 6596 1
5702 5702 1
5277 5277 1
5460 5460 1
4973 4973 1
5159 5159 1
6264 6264 1
5206 5206 1
3989 3989 1
6063 6063 1
5012 5012 1
4618 4618 1
5072 5072 1
 
12615 12615 1
11084 11084 1
9234 9234 1
12837 12837 1
9201 9201 1
13244 13244 1
9746 9746 1
16227 16227 1
12930 12930 1
9976 9976 1
12661 12661 1
13552 13552 1
9400 9400 1
12703 12703 1
9177 9177 1
13040 13040 1
10000 10000 1
12341 12341 1
11345 11345 1
10256 10256 1
9958 9958 1
12297 12297 1
10843 10843 1
13134 13134 1
9423 9423 1
 
15564 15564 1
19348 19348 1
17006 17006 1
15158 15158 1
15998 15998 1
15490 15490 1
13949 13949 1
16573 16573 1
16429 16429 1
15002 15002 1
18056 18056 1
17295 17295 1
16645 16645 1
14306 14306 1
12335 12335 1
13626 13626 1
15483 15483 1
15745 15745 1
15234 15234 1
12814 12814 1
17833 17833 1
13685 13685 1
18301 18301 1
14401 14401 1
12732 12732 1
 
24236 24236 1
22252 22252 1
42649 42649 1
23261 23261 1
23220 23220 1
20555 20555 1
22514 22514 1
20257 20257 1
23817 23817 1
23366 23366 1
19018 19018 1
26088 26088 1
23150 23150 1
21765 21765 1
19362 19362 1
21531 21531 1
21005 21005 1
22006 22006 1
21689 21689 1
21273 21273 1
18411 18411 1
24124 24124 1
17139 17139 1
19861 19861 1
20643 20643 1
 
2535 16304 0
2288 16242 0
2405 16243 0
2361 15935 0
2698 16552 0
2240 15857 0
2255 16047 0
3329 22038 0
2749 17943 0
2333 16634 0
2439 17373 0
2424 16877 0
2832 17484 0
2720 17228 0
2584 17393 0
2411 16761 0
2328 16417 0
2484 16478 0
2216 16219 0
2422 16294 0
2457 17339 0
2371 16360 0
2486 16732 0
2426 15687 0
2628 16309 0
 
===
