635 635 1
1120 1120 1
736 736 1
716 716 1
620 620 1
408 408 1
657 657 1
749 749 1
750 750 1
813 813 1
422 422 1
828 828 1
1106 1106 1
889 889 1
505 505 1
667 667 1
553 553 1
690 690 1
779 779 1
783 783 1
680 680 1
653 653 1
620 620 1
520 520 1
799 799 1
 
1046 1046 1
952 952 1
801 801 1
820 820 1
562 562 1
848 848 1
764 764 1
726 726 1
659 659 1
1109 1109 1
555 555 1
673 673 1
790 790 1
631 631 1
636 636 1
1057 1057 1
648 648 1
739 739 1
779 779 1
740 740 1
751 751 1
977 977 1
934 934 1
959 959 1
938 938 1
 
184 184 1
293 293 1
181 181 1
227 227 1
205 205 1
225 225 1
261 261 1
233 233 1
276 276 1
235 235 1
217 217 1
265 265 1
174 174 1
225 225 1
277 277 1
200 200 1
232 232 1
225 225 1
262 262 1
289 289 1
153 153 1
265 265 1
306 306 1
228 228 1
215 215 1
 
267 267 1
219 219 1
233 233 1
313 313 1
211 211 1
292 292 1
245 245 1
303 303 1
244 244 1
197 197 1
249 249 1
263 263 1
362 362 1
311 311 1
295 295 1
254 254 1
195 195 1
255 255 1
222 222 1
230 230 1
226 226 1
268 268 1
229 229 1
210 210 1
232 232 1
 
230 230 1
276 276 1
352 352 1
297 297 1
286 286 1
190 190 1
264 264 1
325 325 1
285 285 1
270 270 1
249 249 1
349 349 1
233 233 1
321 321 1
304 304 1
265 265 1
322 322 1
302 302 1
210 210 1
327 327 1
330 330 1
271 271 1
231 231 1
266 266 1
323 323 1
 
235 235 1
340 340 1
352 352 1
247 247 1
237 237 1
310 310 1
366 366 1
256 256 1
353 353 1
281 281 1
341 341 1
300 300 1
344 344 1
281 281 1
321 321 1
351 351 1
462 462 1
369 369 1
409 409 1
282 282 1
256 256 1
355 355 1
351 351 1
353 353 1
368 368 1
 
408 408 1
216 217 0
479 479 1
361 361 1
434 434 1
380 380 1
277 277 1
269 269 1
303 303 1
317 317 1
264 264 1
339 339 1
381 381 1
286 286 1
236 236 1
331 331 1
344 345 0
303 303 1
360 360 1
342 342 1
292 292 1
272 272 1
327 327 1
299 299 1
415 415 1
 
385 385 1
318 319 0
387 387 1
380 380 1
370 370 1
350 354 0
296 298 0
356 356 1
318 318 1
385 385 1
391 391 1
325 325 1
366 366 1
372 372 1
321 321 1
306 313 0
419 424 0
294 294 1
319 319 1
440 440 1
312 312 1
342 342 1
334 334 1
413 413 1
310 310 1
 
305 317 0
344 346 0
309 310 0
336 336 1
483 486 0
294 294 1
288 298 0
410 410 1
330 338 0
455 455 1
340 342 0
279 282 0
395 397 0
464 472 0
412 412 1
337 341 0
375 375 1
350 351 0
394 394 1
423 423 1
408 408 1
321 328 0
413 421 0
352 352 1
318 319 0
 
328 334 0
350 359 0
452 452 1
416 418 0
437 448 0
365 372 0
496 501 0
414 414 1
366 387 0
340 350 0
367 383 0
412 425 0
442 442 1
387 398 0
412 414 0
313 326 0
418 423 0
396 409 0
392 421 0
420 424 0
484 488 0
297 315 0
477 485 0
502 502 1
396 406 0
 
372 433 0
209 286 0
347 401 0
245 340 0
433 486 0
441 480 0
482 531 0
487 548 0
493 532 0
337 407 0
325 394 0
421 463 0
290 348 0
422 473 0
448 493 0
360 419 0
253 323 0
350 415 0
430 484 0
420 464 0
330 412 0
324 380 0
349 412 0
306 384 0
366 414 0
 
===
