1726 1726 1
1852 1852 1
1552 1552 1
2022 2022 1
866 866 1
940 940 1
1236 1236 1
1555 1555 1
1683 1683 1
1746 1746 1
839 839 1
946 946 1
1271 1271 1
1245 1245 1
792 792 1
3252 3252 1
1068 1068 1
1117 1117 1
1090 1090 1
1095 1095 1
860 860 1
1314 1314 1
1941 1941 1
1161 1161 1
1349 1349 1
 
1261 1261 1
1382 1382 1
967 967 1
952 952 1
1644 1644 1
2078 2078 1
907 907 1
1470 1470 1
1245 1245 1
915 915 1
1034 1034 1
1838 1838 1
928 928 1
2212 2212 1
2256 2256 1
1741 1741 1
1677 1677 1
2259 2259 1
1877 1877 1
1614 1614 1
992 992 1
1782 1782 1
1753 1753 1
826 826 1
909 909 1
 
2534 2534 1
2094 2094 1
1484 1484 1
1265 1265 1
918 918 1
1588 1588 1
1822 1822 1
1053 1053 1
1648 1648 1
1960 1960 1
1669 1669 1
1754 1754 1
2058 2058 1
1312 1312 1
2568 2568 1
2158 2158 1
1291 1291 1
2079 2079 1
2171 2171 1
1881 1881 1
928 928 1
2614 2614 1
1476 1476 1
2060 2060 1
1207 1207 1
 
1924 1924 1
2005 2005 1
1266 1266 1
1937 1937 1
1503 1503 1
1671 1671 1
2064 2064 1
2097 2097 1
1079 1079 1
1319 1319 1
2068 2068 1
1318 1318 1
1275 1275 1
1618 1618 1
1733 1733 1
2318 2318 1
1885 1885 1
2364 2364 1
2244 2244 1
1154 1154 1
2014 2014 1
1421 1421 1
2007 2007 1
1768 1768 1
2000 2000 1
 
1503 1503 1
1655 1655 1
2708 2708 1
1785 1785 1
3340 3340 1
2079 2079 1
1688 1688 1
2014 2014 1
1239 1239 1
2190 2190 1
1327 1327 1
2540 2540 1
1424 1424 1
1519 1519 1
1804 1804 1
1712 1712 1
1550 1550 1
2015 2015 1
2851 2851 1
1218 1218 1
1785 1785 1
2550 2550 1
1494 1494 1
1927 1927 1
1702 1702 1
 
2158 2158 1
1531 1531 1
4784 4784 1
2093 2094 0
2577 2577 1
2239 2239 1
2548 2548 1
2087 2087 1
2450 2450 1
1693 1693 1
2015 2015 1
1468 1468 1
1840 1840 1
2233 2233 1
1415 1415 1
1963 1963 1
1507 1507 1
1157 1157 1
2940 2940 1
2514 2514 1
1423 1423 1
2180 2180 1
1725 1725 1
1184 1184 1
2064 2064 1
 
2585 2585 1
2496 2496 1
2710 2710 1
1682 1683 0
1967 1967 1
2693 2693 1
2806 2806 1
2336 2336 1
2897 2897 1
2501 2502 0
2523 2526 0
1978 1978 1
1935 1935 1
2382 2382 1
1960 1960 1
1916 1917 0
1570 1570 1
2152 2155 0
3084 3084 1
1826 1826 1
2478 2478 1
2797 2797 1
2257 2257 1
2035 2038 0
3120 3120 1
 
3033 3036 0
2945 2945 1
2468 2480 0
4227 4227 1
1757 1763 0
2830 2848 0
1616 1623 0
2221 2229 0
1552 1553 0
2062 2062 1
1748 1751 0
3111 3114 0
3512 3532 0
2326 2332 0
2422 2423 0
3231 3231 1
3022 3024 0
2000 2004 0
3450 3450 1
2359 2370 0
4818 4844 0
1946 1946 1
2189 2201 0
1448 1461 0
1827 1836 0
 
3185 3257 0
2091 2180 0
2573 2747 0
2922 2933 0
3616 3736 0
2482 2614 0
3235 3239 0
2401 2445 0
2384 2422 0
2328 2428 0
1871 1972 0
3084 3126 0
2564 2631 0
2264 2292 0
3228 3280 0
1459 1587 0
1965 2040 0
2647 2671 0
2819 2883 0
3054 3132 0
2465 2501 0
2666 2677 0
3612 3636 0
1587 1604 0
2125 2144 0
 
3245 3544 0
2892 2984 0
2099 2190 0
3160 3584 0
1622 2019 0
1716 1968 0
2689 2870 0
3418 3846 0
2358 2564 0
3259 3448 0
2836 3059 0
2579 2778 0
2339 2592 0
3534 3838 0
1897 2251 0
2055 2364 0
3214 3423 0
1989 2242 0
3098 3295 0
2767 2894 0
3548 3901 0
3325 3562 0
4821 5237 0
2572 3080 0
2538 2717 0
 
230 2845 0
265 3112 0
195 2527 0
218 2673 0
229 2745 0
219 2788 0
223 2341 0
311 5565 0
250 3501 0
307 3100 0
284 2441 0
252 4038 0
401 4294 0
498 4495 0
255 2849 0
343 3470 0
208 2508 0
266 2791 0
224 2482 0
247 2614 0
330 3824 0
407 3373 0
355 3333 0
277 2829 0
276 3308 0
 
===
