15622 15622 1
16908 16908 1
14901 14901 1
15896 15896 1
20317 20317 1
16441 16441 1
21601 21601 1
18905 18905 1
18137 18137 1
15191 15191 1
16742 16742 1
15449 15449 1
16379 16379 1
14940 14940 1
15470 15470 1
19482 19482 1
16883 16883 1
16118 16118 1
16295 16295 1
16660 16660 1
30926 30926 1
21192 21192 1
16972 16972 1
20305 20305 1
20149 20149 1
 
17159 17159 1
19478 19478 1
16632 16632 1
20889 20889 1
17147 17147 1
16955 16955 1
20866 20866 1
21135 21135 1
17765 17765 1
17804 17804 1
18662 18662 1
16604 16604 1
18994 18994 1
17117 17117 1
21848 21848 1
21019 21019 1
17110 17110 1
20410 20410 1
21303 21303 1
21544 21544 1
19590 19590 1
20924 20924 1
19880 19880 1
18399 18399 1
20134 20134 1
 
22103 22103 1
22369 22369 1
20428 20428 1
31022 31022 1
29229 29229 1
21436 21436 1
22842 22842 1
27343 27343 1
25337 25337 1
23571 23571 1
22509 22509 1
20880 20880 1
23645 23645 1
25263 25263 1
21069 21069 1
21664 21664 1
21320 21320 1
26650 26650 1
18037 18037 1
22480 22480 1
22436 22436 1
23807 23807 1
21994 21994 1
21449 21449 1
24478 24478 1
 
22677 22677 1
21346 21346 1
23418 23418 1
25546 25546 1
21245 21245 1
25236 25236 1
42872 42872 1
25824 25824 1
25486 25486 1
23431 23431 1
30242 30242 1
26024 26024 1
23690 23690 1
26529 26529 1
27491 27491 1
25147 25147 1
24330 24330 1
22912 22912 1
25731 25731 1
21660 21660 1
22557 22557 1
27464 27464 1
23833 23833 1
20776 20776 1
24022 24022 1
 
26064 26064 1
22512 22512 1
25372 25372 1
30165 30165 1
26418 26418 1
27981 27981 1
49266 49266 1
24922 24922 1
37098 37098 1
34787 34787 1
30559 30559 1
25038 25038 1
31572 31572 1
27545 27545 1
29516 29516 1
26162 26162 1
28185 28185 1
27782 27782 1
25731 25731 1
27439 27439 1
24692 24692 1
26575 26575 1
27624 27624 1
29382 29382 1
28221 28221 1
 
28922 28922 1
30472 30472 1
30765 30765 1
32204 32204 1
39692 39692 1
34004 34004 1
30770 30770 1
33236 33236 1
32318 32318 1
36446 36446 1
33824 33824 1
27644 27644 1
33994 33994 1
26308 26308 1
28155 28155 1
28008 28008 1
28991 28991 1
26531 26531 1
31794 31794 1
28566 28566 1
27104 27104 1
29789 29789 1
32027 32027 1
27079 27079 1
33682 33682 1
 
31402 31402 1
55138 55138 1
36815 36815 1
30711 30711 1
44445 44445 1
35791 35791 1
35047 35047 1
41349 41349 1
33003 33003 1
34358 34358 1
37445 37445 1
32834 32834 1
31561 31561 1
31125 31125 1
34889 34889 1
34843 34843 1
32907 32907 1
35167 35167 1
32621 32621 1
29590 29590 1
35999 35999 1
62659 62659 1
34180 34180 1
42735 42735 1
40562 40562 1
 
32452 32452 1
43513 43513 1
37484 37484 1
30194 30194 1
34950 34950 1
44214 44214 1
34114 34114 1
31516 31516 1
32104 32104 1
34314 34314 1
32735 32735 1
33142 33142 1
36223 36223 1
33872 33872 1
34340 34340 1
53258 53258 1
40514 40514 1
38193 38193 1
43916 43916 1
38198 38198 1
39296 39296 1
38051 38051 1
31887 31887 1
29475 29475 1
40423 40423 1
 
36703 36703 1
37009 37009 1
33972 33972 1
36768 36768 1
36600 36600 1
38815 38815 1
39057 39057 1
35104 35104 1
41899 41899 1
41508 41508 1
41455 41455 1
48090 48090 1
50456 50456 1
38025 38025 1
36572 36572 1
34850 34850 1
35882 35882 1
37622 37622 1
36159 36159 1
39648 39648 1
36914 36914 1
40715 40715 1
39685 39685 1
47088 47088 1
38553 38553 1
 
56985 56985 1
41019 41019 1
53430 53430 1
49463 49463 1
44243 44243 1
35449 35449 1
43241 43241 1
42180 42180 1
43251 43251 1
41329 41329 1
42437 42437 1
42983 42983 1
36457 36457 1
40357 40357 1
39688 39688 1
40576 40576 1
85123 85123 1
42860 42860 1
52458 52458 1
42105 42105 1
41530 41530 1
39689 39689 1
39208 39208 1
49015 49015 1
43344 43344 1
 
5329 16001 0
6047 16088 0
6047 15976 0
5943 16063 0
5355 16087 0
5602 16089 0
6087 16122 0
7157 18454 0
6812 17762 0
6413 18389 0
6841 17852 0
6937 17345 0
5737 16121 0
6161 16267 0
6440 16081 0
5487 16185 0
5398 16050 0
6107 16766 0
5431 16455 0
5972 16495 0
5826 16319 0
6828 18223 0
6234 16042 0
7216 17941 0
6869 17807 0
 
===
