3733 3733 1
2939 2939 1
3401 3401 1
3472 3472 1
1867 1867 1
2770 2770 1
2885 2885 1
3123 3123 1
5197 5197 1
4436 4436 1
3930 3930 1
4171 4171 1
3690 3690 1
3740 3740 1
2877 2877 1
3828 3828 1
3995 3995 1
4241 4241 1
2701 2701 1
3807 3807 1
3949 3949 1
3844 3844 1
2128 2128 1
3011 3011 1
4989 4989 1
 
3426 3426 1
2794 2794 1
3265 3265 1
5243 5243 1
4424 4424 1
3858 3858 1
2661 2661 1
3991 3991 1
3410 3410 1
3607 3607 1
3103 3103 1
3006 3006 1
3896 3896 1
3248 3248 1
4135 4135 1
3504 3504 1
3674 3674 1
3530 3530 1
3028 3028 1
3798 3798 1
3549 3549 1
3622 3622 1
3774 3774 1
5488 5488 1
4251 4251 1
 
4069 4069 1
3904 3904 1
3539 3539 1
5352 5352 1
3327 3327 1
3696 3696 1
3286 3286 1
3802 3802 1
5961 5961 1
4130 4130 1
4388 4388 1
4488 4488 1
4362 4362 1
3945 3945 1
3681 3681 1
4494 4494 1
4476 4476 1
4725 4725 1
5898 5898 1
4700 4700 1
3274 3274 1
4462 4462 1
4101 4101 1
3992 3992 1
4666 4666 1
 
4130 4130 1
5640 5640 1
4173 4173 1
3489 3489 1
7062 7062 1
4911 4911 1
3735 3735 1
4299 4299 1
6373 6373 1
4934 4934 1
6357 6357 1
5821 5821 1
5653 5653 1
4304 4304 1
4659 4659 1
4269 4269 1
4590 4590 1
3494 3494 1
5558 5558 1
4172 4172 1
4169 4169 1
5820 5820 1
5017 5017 1
4300 4300 1
5551 5551 1
 
6523 6523 1
4413 4413 1
6697 6697 1
5165 5165 1
4856 4856 1
4690 4690 1
5779 5779 1
5166 5166 1
6834 6834 1
5146 5146 1
5028 5028 1
9200 9200 1
4755 4755 1
4379 4379 1
4460 4460 1
5710 5710 1
4765 4765 1
6044 6044 1
6049 6049 1
4665 4665 1
7055 7055 1
5418 5418 1
6921 6921 1
6747 6747 1
7183 7183 1
 
6769 6769 1
5551 5551 1
7304 7304 1
5812 5812 1
6788 6788 1
6130 6130 1
6567 6567 1
4674 4674 1
5211 5211 1
7863 7863 1
6437 6437 1
5086 5086 1
8312 8312 1
5473 5473 1
5474 5474 1
6742 6742 1
6079 6079 1
4271 4271 1
6746 6746 1
7469 7469 1
5438 5438 1
7763 7763 1
6108 6108 1
5849 5849 1
5746 5746 1
 
7196 7196 1
6888 6888 1
5002 5002 1
5266 5266 1
6229 6229 1
6640 6640 1
6836 6836 1
6708 6708 1
5395 5395 1
7088 7088 1
7953 7953 1
5671 5671 1
6590 6590 1
8400 8400 1
6679 6679 1
5692 5692 1
7735 7735 1
7620 7620 1
5888 5888 1
6573 6573 1
7795 7795 1
7067 7067 1
7655 7655 1
5897 5897 1
5482 5482 1
 
7530 7530 1
6180 6180 1
8454 8454 1
7857 7857 1
7853 7853 1
6639 6639 1
6143 6143 1
9134 9134 1
7075 7075 1
8330 8330 1
9464 9464 1
5921 5921 1
6086 6086 1
6604 6604 1
5769 5769 1
8584 8584 1
5025 5025 1
6256 6256 1
7575 7575 1
5479 5479 1
8259 8259 1
5734 5734 1
7791 7791 1
7083 7083 1
6098 6098 1
 
9454 9454 1
8781 8781 1
13313 13313 1
9339 9339 1
7879 7879 1
6494 6494 1
8990 8990 1
8118 8118 1
6272 6272 1
9030 9030 1
8654 8654 1
5273 5273 1
9045 9045 1
8897 8897 1
8554 8554 1
10769 10769 1
8471 8471 1
10476 10476 1
7884 7884 1
8243 8243 1
9101 9101 1
6294 6294 1
8659 8659 1
9060 9060 1
5440 5440 1
 
7873 7873 1
8624 8624 1
6371 6371 1
7172 7172 1
8534 8534 1
7787 7787 1
8388 8388 1
9228 9228 1
6869 6869 1
8913 8913 1
6606 6606 1
10024 10024 1
10182 10182 1
7076 7076 1
8011 8011 1
6534 6534 1
7587 7587 1
6203 6203 1
8439 8439 1
7379 7379 1
7987 7987 1
7734 7734 1
11174 11174 1
6644 6644 1
9672 9672 1
 
1357 9537 0
1087 7583 0
1458 10272 0
890 6448 0
1430 8688 0
1328 10181 0
1319 8618 0
1141 8068 0
1173 7820 0
1120 7615 0
1197 7371 0
1247 8487 0
1421 9442 0
1373 10978 0
1186 7513 0
1317 9380 0
1448 11361 0
1056 6743 0
1173 8355 0
1326 10136 0
1195 8861 0
1110 8474 0
1245 9842 0
1172 8643 0
1189 8904 0
 
===
