107 107 1
71 71 1
48 48 1
263 263 1
141 141 1
71 71 1
172 172 1
48 48 1
100 100 1
43 43 1
157 157 1
109 109 1
48 48 1
188 188 1
195 195 1
178 178 1
103 103 1
156 156 1
43 43 1
128 128 1
212 212 1
113 113 1
134 134 1
75 75 1
48 48 1
 
244 244 1
46 46 1
91 91 1
239 239 1
67 67 1
44 44 1
103 103 1
245 245 1
271 271 1
146 146 1
50 50 1
114 114 1
263 263 1
50 50 1
80 80 1
161 161 1
343 343 1
190 190 1
118 118 1
138 138 1
51 51 1
46 46 1
75 75 1
77 77 1
287 287 1
 
70 70 1
92 92 1
87 87 1
200 200 1
146 146 1
489 489 1
103 103 1
107 107 1
233 233 1
143 143 1
184 184 1
261 261 1
297 297 1
110 110 1
222 222 1
136 136 1
208 208 1
199 199 1
353 353 1
192 192 1
260 260 1
155 155 1
258 258 1
64 64 1
343 343 1
 
179 179 1
72 72 1
292 292 1
112 112 1
275 275 1
291 291 1
188 188 1
95 95 1
303 303 1
194 194 1
285 285 1
441 441 1
55 55 1
165 165 1
292 292 1
184 184 1
275 275 1
108 108 1
129 129 1
174 174 1
428 428 1
266 266 1
370 370 1
179 179 1
267 267 1
 
50 50 1
85 85 1
58 58 1
91 91 1
84 84 1
54 54 1
61 61 1
58 58 1
106 106 1
48 48 1
99 99 1
62 62 1
70 70 1
89 89 1
111 111 1
46 46 1
52 52 1
45 45 1
57 57 1
60 60 1
37 37 1
81 81 1
50 50 1
62 62 1
107 107 1
 
235 235 1
329 329 1
234 234 1
514 514 1
427 427 1
226 226 1
391 391 1
529 529 1
190 190 1
159 159 1
776 776 1
461 461 1
352 352 1
191 191 1
376 376 1
198 198 1
103 103 1
301 301 1
542 542 1
393 393 1
317 317 1
145 145 1
591 591 1
364 364 1
508 508 1
 
169 169 1
510 510 1
254 254 1
256 256 1
223 223 1
510 510 1
370 370 1
378 378 1
228 228 1
302 302 1
241 241 1
567 567 1
491 491 1
403 403 1
522 522 1
316 316 1
451 451 1
596 596 1
489 489 1
231 231 1
348 348 1
445 445 1
323 323 1
239 239 1
803 803 1
 
532 532 1
395 395 1
188 188 1
341 341 1
502 502 1
248 248 1
174 174 1
318 318 1
514 514 1
668 668 1
376 376 1
300 300 1
233 233 1
327 327 1
233 233 1
559 559 1
506 506 1
591 591 1
216 216 1
239 239 1
106 106 1
254 254 1
284 284 1
380 380 1
544 544 1
 
599 599 1
218 218 1
286 286 1
422 422 1
460 460 1
446 446 1
331 331 1
596 596 1
379 379 1
410 410 1
267 267 1
553 553 1
841 841 1
315 315 1
670 670 1
588 588 1
485 485 1
352 352 1
338 338 1
561 561 1
833 833 1
257 257 1
263 263 1
454 454 1
758 758 1
 
162 162 1
150 150 1
154 154 1
80 80 1
139 139 1
127 127 1
73 73 1
131 131 1
132 132 1
143 143 1
131 131 1
100 100 1
112 112 1
164 164 1
123 123 1
126 126 1
163 163 1
113 113 1
95 95 1
110 110 1
123 123 1
126 126 1
140 140 1
114 114 1
128 128 1
 
714 714 1
405 405 1
569 569 1
422 422 1
312 312 1
514 514 1
596 596 1
306 306 1
691 691 1
512 512 1
335 335 1
667 667 1
398 398 1
438 438 1
310 310 1
315 315 1
627 627 1
676 676 1
639 639 1
550 550 1
397 397 1
517 517 1
430 430 1
326 326 1
444 444 1
 
458 458 1
723 723 1
686 686 1
572 572 1
435 435 1
564 564 1
635 635 1
559 559 1
827 827 1
922 922 1
639 639 1
371 371 1
610 610 1
423 423 1
459 459 1
588 588 1
268 268 1
424 424 1
326 326 1
408 408 1
399 399 1
385 385 1
424 424 1
641 641 1
479 479 1
 
630 630 1
955 955 1
647 647 1
460 460 1
578 578 1
750 750 1
449 449 1
521 521 1
592 592 1
390 390 1
510 510 1
482 482 1
901 901 1
313 313 1
413 413 1
635 635 1
602 602 1
975 975 1
676 676 1
384 384 1
613 613 1
683 683 1
699 699 1
279 279 1
483 483 1
 
972 972 1
900 900 1
584 584 1
448 448 1
913 913 1
652 652 1
692 692 1
489 489 1
874 874 1
901 901 1
634 634 1
338 338 1
605 605 1
606 606 1
599 599 1
473 473 1
1037 1037 1
491 491 1
351 351 1
409 409 1
495 495 1
622 622 1
580 580 1
632 632 1
316 316 1
 
155 155 1
122 122 1
102 102 1
185 185 1
187 187 1
234 234 1
194 194 1
99 99 1
166 166 1
194 194 1
196 196 1
198 198 1
252 252 1
112 112 1
174 174 1
156 156 1
204 204 1
116 116 1
175 175 1
185 185 1
149 149 1
130 130 1
176 176 1
99 99 1
248 248 1
 
625 625 1
1095 1095 1
734 734 1
710 710 1
619 619 1
395 395 1
654 654 1
735 735 1
745 745 1
809 809 1
419 419 1
826 826 1
1102 1102 1
881 881 1
503 503 1
667 667 1
553 553 1
687 687 1
779 779 1
781 781 1
681 681 1
653 653 1
620 620 1
512 512 1
799 799 1
 
507 507 1
728 728 1
593 593 1
715 715 1
746 746 1
876 876 1
719 719 1
680 680 1
1170 1170 1
620 620 1
930 930 1
686 686 1
762 762 1
805 805 1
1048 1048 1
751 751 1
767 767 1
1076 1076 1
576 576 1
1409 1409 1
945 945 1
902 902 1
877 877 1
589 589 1
453 453 1
 
1046 1046 1
952 952 1
801 801 1
820 820 1
563 563 1
848 848 1
765 765 1
725 725 1
657 657 1
1112 1112 1
556 556 1
673 673 1
790 790 1
630 630 1
636 636 1
1056 1056 1
648 648 1
740 740 1
780 780 1
736 736 1
752 752 1
975 975 1
934 934 1
971 971 1
938 938 1
 
742 742 1
1005 1005 1
596 596 1
570 570 1
885 885 1
685 685 1
949 949 1
653 653 1
1276 1276 1
747 747 1
1189 1189 1
876 876 1
716 716 1
1358 1358 1
1031 1031 1
925 925 1
413 413 1
684 684 1
625 625 1
866 866 1
834 834 1
855 855 1
709 709 1
734 734 1
842 842 1
 
178 178 1
229 229 1
339 339 1
205 205 1
309 309 1
246 246 1
228 228 1
208 208 1
213 213 1
142 142 1
220 220 1
208 208 1
251 251 1
187 187 1
125 125 1
208 208 1
258 258 1
130 130 1
201 201 1
169 169 1
135 135 1
214 214 1
253 253 1
228 228 1
239 239 1
 
184 184 1
293 293 1
181 181 1
227 227 1
205 205 1
225 225 1
261 261 1
233 233 1
277 277 1
235 235 1
217 217 1
264 264 1
174 174 1
225 225 1
277 277 1
199 199 1
239 239 1
225 225 1
262 262 1
288 288 1
153 153 1
265 265 1
306 306 1
228 228 1
215 215 1
 
204 204 1
193 193 1
168 168 1
244 244 1
316 316 1
204 204 1
224 224 1
286 286 1
184 184 1
163 163 1
187 187 1
287 287 1
199 199 1
233 233 1
232 232 1
258 258 1
175 175 1
265 265 1
131 131 1
279 279 1
219 219 1
178 178 1
240 240 1
197 197 1
190 190 1
 
267 267 1
219 219 1
230 230 1
314 314 1
211 211 1
294 294 1
245 245 1
302 302 1
243 243 1
197 197 1
248 248 1
261 261 1
360 360 1
310 310 1
292 292 1
254 254 1
195 195 1
255 255 1
222 222 1
230 230 1
228 228 1
271 271 1
229 229 1
211 211 1
232 232 1
 
326 326 1
355 355 1
272 272 1
345 345 1
250 250 1
245 245 1
334 334 1
280 280 1
337 337 1
200 200 1
215 215 1
303 303 1
173 173 1
341 341 1
284 284 1
389 389 1
297 297 1
359 359 1
255 255 1
374 374 1
272 272 1
220 220 1
476 476 1
238 238 1
300 300 1
 
337 337 1
298 298 1
272 272 1
317 317 1
263 263 1
305 305 1
266 266 1
326 326 1
313 313 1
285 285 1
226 226 1
254 254 1
277 277 1
159 159 1
344 344 1
231 231 1
255 255 1
280 280 1
334 334 1
199 199 1
325 325 1
203 203 1
304 304 1
322 322 1
318 318 1
 
233 233 1
279 279 1
369 369 1
301 301 1
294 294 1
190 190 1
267 267 1
325 325 1
286 286 1
274 274 1
250 250 1
352 352 1
232 232 1
334 334 1
306 306 1
269 269 1
327 327 1
358 358 1
210 210 1
327 327 1
330 330 1
271 271 1
230 230 1
266 266 1
323 323 1
 
295 295 1
274 274 1
507 507 1
311 311 1
308 308 1
355 355 1
298 298 1
340 340 1
381 381 1
196 196 1
330 330 1
320 320 1
309 309 1
248 248 1
318 318 1
380 380 1
339 339 1
203 203 1
213 213 1
259 259 1
298 298 1
273 273 1
329 329 1
278 278 1
245 245 1
 
232 232 1
340 340 1
352 352 1
246 246 1
237 237 1
310 310 1
365 365 1
258 258 1
353 353 1
238 238 1
282 282 1
264 264 1
338 338 1
278 278 1
316 316 1
340 340 1
439 439 1
367 367 1
394 394 1
282 282 1
257 257 1
349 349 1
342 342 1
351 351 1
364 364 1
 
306 306 1
304 304 1
402 402 1
347 347 1
351 351 1
238 238 1
271 271 1
314 314 1
335 335 1
256 256 1
344 344 1
216 216 1
210 210 1
222 222 1
303 303 1
256 256 1
341 341 1
245 245 1
241 241 1
369 369 1
308 308 1
255 255 1
352 352 1
234 234 1
329 329 1
 
219 219 1
255 255 1
362 362 1
317 317 1
335 335 1
306 306 1
308 308 1
352 352 1
312 312 1
392 392 1
318 318 1
365 365 1
247 247 1
404 404 1
299 299 1
300 300 1
406 406 1
336 336 1
469 469 1
401 401 1
291 291 1
348 348 1
345 345 1
296 296 1
283 283 1
 
406 406 1
216 216 1
462 462 1
349 349 1
429 429 1
376 376 1
272 272 1
265 265 1
299 299 1
314 314 1
258 258 1
331 331 1
371 371 1
283 283 1
232 232 1
328 328 1
336 336 1
302 302 1
356 356 1
337 337 1
290 290 1
268 268 1
324 324 1
292 292 1
414 414 1
 
275 275 1
374 375 0
416 416 1
334 334 1
339 339 1
339 339 1
306 306 1
275 275 1
411 411 1
395 395 1
299 299 1
271 271 1
260 260 1
296 296 1
355 355 1
409 409 1
336 336 1
294 294 1
275 275 1
325 325 1
408 408 1
352 352 1
396 396 1
284 284 1
434 434 1
 
384 384 1
318 318 1
388 388 1
380 380 1
370 370 1
352 354 0
298 298 1
356 356 1
317 317 1
384 384 1
390 390 1
326 326 1
370 370 1
373 373 1
321 321 1
313 313 1
427 427 1
294 294 1
319 319 1
440 440 1
312 312 1
341 341 1
334 334 1
412 412 1
310 310 1
 
297 299 0
431 431 1
413 414 0
344 344 1
394 394 1
262 266 0
435 435 1
410 410 1
279 281 0
375 375 1
305 305 1
292 292 1
469 469 1
289 289 1
375 375 1
349 350 0
410 410 1
402 402 1
261 261 1
359 359 1
412 412 1
338 338 1
366 366 1
429 429 1
400 400 1
 
393 393 1
408 408 1
444 444 1
410 411 0
369 369 1
327 327 1
344 344 1
337 337 1
431 431 1
346 346 1
301 301 1
288 289 0
378 379 0
334 334 1
387 387 1
247 250 0
294 297 0
286 286 1
354 354 1
291 291 1
530 530 1
552 552 1
345 345 1
314 314 1
270 270 1
 
320 321 0
347 348 0
321 321 1
340 340 1
512 512 1
299 299 1
314 316 0
418 418 1
341 342 0
461 461 1
346 346 1
284 285 0
404 404 1
482 484 0
413 413 1
364 365 0
375 375 1
356 356 1
399 399 1
428 428 1
418 418 1
330 332 0
427 427 1
356 356 1
324 324 1
 
530 530 1
299 300 0
339 339 1
380 380 1
481 481 1
484 484 1
500 500 1
327 327 1
402 402 1
427 427 1
455 455 1
331 332 0
417 417 1
511 511 1
400 401 0
430 435 0
440 440 1
432 433 0
358 358 1
368 370 0
396 396 1
324 324 1
488 488 1
322 325 0
395 395 1
 
334 334 1
357 359 0
452 452 1
418 418 1
445 448 0
371 372 0
499 499 1
415 415 1
365 370 0
346 350 0
374 378 0
421 427 0
442 442 1
398 400 0
413 413 1
322 326 0
423 423 1
407 408 0
419 424 0
425 426 0
488 488 1
312 315 0
483 485 0
503 503 1
404 407 0
 
431 431 1
331 341 0
384 395 0
375 388 0
362 363 0
368 370 0
403 404 0
441 447 0
433 433 1
363 367 0
261 272 0
452 452 1
315 316 0
306 324 0
482 482 1
404 404 1
537 537 1
466 469 0
354 355 0
391 391 1
394 402 0
373 375 0
467 469 0
406 406 1
450 453 0
 
432 432 1
284 286 0
400 403 0
326 339 0
486 487 0
476 478 0
405 416 0
435 444 0
490 495 0
381 397 0
389 391 0
450 450 1
334 339 0
456 461 0
459 468 0
397 408 0
313 318 0
398 408 0
470 478 0
443 443 1
394 404 0
372 373 0
404 405 0
370 373 0
405 411 0
 
412 425 0
355 371 0
433 456 0
580 583 0
418 423 0
382 395 0
390 402 0
408 424 0
485 490 0
455 467 0
337 346 0
288 323 0
509 513 0
324 350 0
373 395 0
345 378 0
399 411 0
444 452 0
386 405 0
461 462 0
376 398 0
479 490 0
490 500 0
438 445 0
430 459 0
 
434 479 0
522 568 0
419 457 0
366 413 0
495 535 0
470 509 0
416 437 0
424 449 0
402 441 0
577 610 0
316 392 0
388 439 0
371 415 0
428 469 0
429 472 0
447 483 0
462 495 0
416 462 0
274 314 0
425 464 0
445 489 0
558 593 0
356 417 0
308 364 0
406 455 0
 
===
