869 869 1
935 935 1
1115 1115 1
813 813 1
1218 1218 1
649 649 1
1841 1841 1
773 773 1
1684 1684 1
958 958 1
981 981 1
984 984 1
1806 1806 1
1576 1576 1
676 676 1
850 850 1
983 983 1
649 649 1
1051 1051 1
844 844 1
1034 1034 1
1070 1070 1
1071 1071 1
827 827 1
587 587 1
 
2727 2727 1
1632 1632 1
1968 1968 1
1758 1758 1
2508 2508 1
2907 2907 1
2595 2595 1
3095 3095 1
2267 2267 1
1677 1677 1
2174 2174 1
1767 1767 1
1187 1187 1
1365 1365 1
1084 1084 1
1382 1382 1
1709 1709 1
1784 1784 1
2412 2412 1
1893 1893 1
2283 2283 1
2053 2053 1
3773 3773 1
1711 1711 1
1633 1633 1
 
4169 4169 1
4189 4189 1
3377 3377 1
4158 4158 1
4099 4099 1
2531 2531 1
3240 3240 1
3590 3590 1
5912 5912 1
2480 2480 1
2766 2766 1
3342 3342 1
2934 2934 1
4737 4737 1
2296 2296 1
2294 2294 1
3563 3563 1
3744 3744 1
4871 4871 1
3683 3683 1
2977 2977 1
3036 3036 1
2574 2574 1
2543 2543 1
5224 5224 1
 
2845 2845 1
3401 3401 1
5180 5180 1
3549 3549 1
4254 4254 1
3051 3051 1
4935 4935 1
3746 3746 1
4255 4255 1
3488 3488 1
4680 4680 1
4592 4592 1
3824 3824 1
6204 6204 1
4095 4095 1
3512 3512 1
3589 3589 1
4722 4722 1
6143 6143 1
5712 5712 1
4030 4030 1
7829 7829 1
3870 3870 1
3620 3620 1
3678 3678 1
 
4521 4521 1
5136 5136 1
4135 4135 1
7238 7238 1
4933 4933 1
4271 4271 1
5931 5931 1
5939 5939 1
4749 4749 1
4214 4214 1
3720 3720 1
4310 4310 1
6593 6593 1
5675 5675 1
5273 5273 1
5452 5452 1
4969 4969 1
5163 5163 1
6250 6250 1
5201 5201 1
3993 3993 1
6084 6084 1
4992 4992 1
4619 4619 1
5072 5072 1
 
6062 6062 1
4544 4544 1
5378 5378 1
6852 6852 1
6326 6326 1
5383 5383 1
7827 7827 1
4456 4456 1
5667 5667 1
5917 5917 1
4370 4370 1
3854 3854 1
6374 6374 1
6276 6276 1
6971 6971 1
6082 6082 1
4969 4969 1
6455 6455 1
5353 5353 1
5035 5035 1
5319 5319 1
6595 6595 1
6611 6611 1
5372 5372 1
4436 4436 1
 
6708 6708 1
6171 6171 1
7159 7159 1
6254 6254 1
7412 7412 1
8310 8310 1
6761 6761 1
10537 10537 1
9220 9220 1
9696 9696 1
6779 6779 1
6329 6329 1
6757 6757 1
7301 7301 1
4666 4666 1
6994 6994 1
9198 9198 1
6740 6740 1
7643 7643 1
8186 8186 1
8131 8131 1
8555 8555 1
9542 9542 1
5631 5631 1
7768 7768 1
 
5923 5923 1
10918 10918 1
8976 8976 1
7404 7404 1
7259 7259 1
7191 7191 1
9038 9038 1
8936 8936 1
8880 8880 1
9900 9900 1
6317 6317 1
9943 9943 1
8240 8240 1
8762 8762 1
7234 7234 1
8085 8085 1
8441 8441 1
9632 9632 1
10589 10589 1
8953 8953 1
6876 6876 1
8148 8148 1
8596 8596 1
8961 8961 1
6498 6498 1
 
9935 9935 1
8585 8585 1
8377 8377 1
10194 10194 1
9002 9002 1
8245 8245 1
7675 7675 1
9935 9935 1
8136 8136 1
11161 11161 1
11535 11535 1
9770 9770 1
9218 9218 1
11513 11513 1
9998 9998 1
13038 13038 1
9841 9841 1
9858 9858 1
10776 10776 1
10511 10511 1
8580 8580 1
8536 8536 1
8848 8848 1
8521 8521 1
9181 9181 1
 
13157 13157 1
11233 11233 1
10599 10599 1
13109 13109 1
10035 10035 1
13742 13742 1
10090 10090 1
10831 10831 1
11509 11509 1
9407 9407 1
12376 12376 1
12675 12675 1
9129 9129 1
12371 12371 1
8984 8984 1
12717 12717 1
9676 9676 1
10751 10751 1
11002 11002 1
9995 9995 1
9657 9657 1
11886 11886 1
10351 10351 1
12841 12841 1
9161 9161 1
 
12173 12173 1
15891 15891 1
12292 12292 1
12191 12191 1
10935 10935 1
13637 13637 1
10413 10413 1
14539 14539 1
10247 10247 1
10964 10964 1
15148 15148 1
15112 15112 1
10260 10260 1
12945 12945 1
10966 10966 1
12397 12397 1
11004 11004 1
10855 10855 1
11906 11906 1
9232 9232 1
13233 13233 1
9630 9630 1
12733 12733 1
10328 10328 1
11534 11534 1
 
11274 11274 1
12978 12978 1
14110 14110 1
12426 12426 1
16268 16268 1
13398 13398 1
13437 13437 1
11518 11518 1
11822 11822 1
14669 14669 1
12154 12154 1
11616 11616 1
12413 12413 1
12473 12473 1
10762 10762 1
13234 13234 1
14745 14745 1
13335 13335 1
17290 17290 1
10324 10324 1
11161 11161 1
13343 13343 1
13348 13348 1
11207 11207 1
11701 11701 1
 
13727 13727 1
13999 13999 1
14341 14341 1
14313 14313 1
13698 13698 1
12311 12311 1
13403 13403 1
13465 13465 1
11599 11599 1
14159 14159 1
17694 17694 1
10113 10113 1
15092 15092 1
17261 17261 1
14507 14507 1
16474 16474 1
12497 12497 1
14526 14526 1
10643 10643 1
18615 18615 1
17798 17798 1
15393 15393 1
12691 12691 1
15585 15585 1
12180 12180 1
 
15402 15402 1
13680 13680 1
15631 15631 1
16408 16408 1
17586 17586 1
16327 16327 1
14907 14907 1
13042 13042 1
13123 13123 1
18951 18951 1
14466 14466 1
14865 14865 1
15732 15732 1
13802 13802 1
14178 14178 1
16902 16902 1
15870 15870 1
15669 15669 1
13627 13627 1
15955 15955 1
17191 17191 1
16308 16308 1
17711 17711 1
14366 14366 1
13603 13603 1
 
15607 15607 1
19362 19362 1
16956 16956 1
14812 14812 1
16004 16004 1
15535 15535 1
14301 14301 1
16596 16596 1
16324 16324 1
14959 14959 1
18126 18126 1
17260 17260 1
16721 16721 1
14338 14338 1
12294 12294 1
13693 13693 1
16034 16034 1
15750 15750 1
15213 15213 1
12840 12840 1
17848 17848 1
13723 13723 1
18271 18271 1
14418 14418 1
12707 12707 1
 
15480 15480 1
16812 16812 1
14888 14888 1
15953 15953 1
21176 21176 1
16412 16412 1
21483 21483 1
18854 18854 1
18103 18103 1
15082 15082 1
16698 16698 1
15472 15472 1
16361 16361 1
14942 14942 1
15265 15265 1
18396 18396 1
16868 16868 1
16084 16084 1
16296 16296 1
16649 16649 1
17950 17950 1
16758 16758 1
16390 16390 1
19341 19341 1
19022 19022 1
 
38007 38007 1
19476 19476 1
19103 19103 1
15739 15739 1
18467 18467 1
15774 15774 1
21665 21665 1
16922 16922 1
16720 16720 1
22498 22498 1
17333 17333 1
20724 20724 1
17846 17846 1
19682 19682 1
17233 17233 1
23011 23011 1
17746 17746 1
17075 17075 1
19049 19049 1
21544 21544 1
17256 17256 1
21915 21915 1
19241 19241 1
19074 19074 1
18335 18335 1
 
15682 15682 1
18512 18512 1
15911 15911 1
20000 20000 1
16444 16444 1
17004 17004 1
20848 20848 1
21094 21094 1
17565 17565 1
17543 17543 1
18720 18720 1
16545 16545 1
19282 19282 1
17008 17008 1
22011 22011 1
21027 21027 1
17053 17053 1
22099 22099 1
21804 21804 1
21458 21458 1
19608 19608 1
20877 20877 1
19862 19862 1
18354 18354 1
20070 20070 1
 
18871 18871 1
20547 20547 1
17078 17078 1
20474 20474 1
16168 16168 1
22557 22557 1
19338 19338 1
19850 19850 1
20986 20986 1
19611 19611 1
21186 21186 1
22241 22241 1
23326 23326 1
21294 21294 1
22083 22083 1
20477 20477 1
17912 17912 1
30573 30573 1
22368 22368 1
25320 25320 1
19964 19964 1
24608 24608 1
23863 23863 1
18186 18186 1
20752 20752 1
 
25469 25469 1
22322 22322 1
23158 23158 1
21036 21036 1
21682 21682 1
19145 19145 1
21229 21229 1
19126 19126 1
22880 22880 1
21843 21843 1
17843 17843 1
25837 25837 1
22994 22994 1
21483 21483 1
19399 19399 1
21249 21249 1
20994 20994 1
21933 21933 1
21743 21743 1
21197 21197 1
19296 19296 1
24079 24079 1
17413 17413 1
19886 19886 1
20531 20531 1
 
22070 22070 1
22425 22425 1
20402 20402 1
21765 21765 1
26964 26964 1
19918 19918 1
20732 20732 1
25765 25765 1
23627 23627 1
22330 22330 1
21286 21286 1
20230 20230 1
23659 23659 1
25156 25156 1
20916 20916 1
21681 21681 1
21241 21241 1
26506 26506 1
17964 17964 1
22501 22501 1
22458 22458 1
23764 23764 1
22009 22009 1
21356 21356 1
24395 24395 1
 
19316 19316 1
37590 37590 1
24930 24930 1
22650 22650 1
29776 29776 1
27448 27448 1
27212 27212 1
27453 27453 1
23934 23934 1
28438 28438 1
20325 20325 1
24548 24548 1
22719 22719 1
25748 25748 1
22522 22522 1
20971 20971 1
20155 20155 1
21737 21737 1
21510 21510 1
27653 27653 1
24671 24671 1
19811 19811 1
21384 21384 1
25510 25510 1
25322 25322 1
 
21918 21918 1
21406 21406 1
23382 23382 1
25505 25505 1
21151 21151 1
25214 25214 1
22823 22823 1
23691 23691 1
23467 23467 1
22239 22239 1
28463 28463 1
23827 23827 1
22273 22273 1
24948 24948 1
27213 27213 1
25045 25045 1
24310 24310 1
22858 22858 1
25671 25671 1
21652 21652 1
22620 22620 1
27386 27386 1
23862 23862 1
20791 20791 1
23926 23926 1
 
27769 27769 1
26711 26711 1
27580 27580 1
23444 23444 1
27061 27061 1
30410 30410 1
24871 24871 1
27860 27860 1
25180 25180 1
25445 25445 1
25139 25139 1
26048 26048 1
27184 27184 1
25027 25027 1
23156 23156 1
29927 29927 1
27999 27999 1
19039 19039 1
27022 27022 1
32458 32458 1
22044 22044 1
25976 25976 1
22874 22874 1
24117 24117 1
23087 23087 1
 
23110 23110 1
31163 31163 1
22728 22728 1
23322 23322 1
28157 28157 1
29325 29325 1
27187 27187 1
22670 22670 1
23076 23076 1
26166 26166 1
24766 24766 1
23715 23715 1
21570 21570 1
21616 21616 1
26560 26560 1
28070 28070 1
27695 27695 1
30585 30585 1
22890 22890 1
27359 27359 1
23845 23845 1
23754 23754 1
23766 23766 1
28921 28921 1
23252 23252 1
 
26024 26024 1
22513 22513 1
25303 25303 1
30038 30038 1
34404 34404 1
32784 32784 1
29600 29600 1
24692 24692 1
35954 35954 1
34937 34937 1
30400 30400 1
23544 23544 1
29791 29791 1
26802 26802 1
29430 29430 1
26212 26212 1
30087 30087 1
27751 27751 1
25695 25695 1
27460 27460 1
24677 24677 1
26345 26345 1
27583 27583 1
29350 29350 1
28193 28193 1
 
32223 32223 1
30696 30696 1
27877 27877 1
27412 27412 1
27291 27291 1
29978 29978 1
34063 34063 1
28108 28108 1
24784 24784 1
30635 30635 1
30154 30154 1
30609 30609 1
28554 28554 1
29879 29879 1
34170 34170 1
33102 33102 1
32725 32725 1
23648 23648 1
29147 29147 1
29666 29666 1
27689 27689 1
34944 34944 1
24766 24766 1
32946 32946 1
29970 29970 1
 
69176 69176 1
39482 39482 1
33384 33384 1
35277 35277 1
30899 30899 1
33019 33019 1
29608 29608 1
30123 30123 1
30130 30130 1
35680 35680 1
31827 31827 1
27401 27401 1
32657 32657 1
29572 29572 1
28166 28166 1
28479 28479 1
28307 28307 1
26778 26778 1
31999 31999 1
28498 28498 1
27149 27149 1
29784 29784 1
31977 31977 1
27170 27170 1
33604 33604 1
 
32768 32768 1
26796 26796 1
30581 30581 1
28897 28897 1
35786 35786 1
29020 29020 1
26498 26498 1
31468 31468 1
28208 28208 1
27833 27833 1
30717 30717 1
29489 29489 1
30349 30349 1
29790 29790 1
35772 35772 1
30038 30038 1
28085 28085 1
32243 32243 1
29917 29917 1
35827 35827 1
37735 37735 1
29201 29201 1
34439 34439 1
30599 30599 1
33494 33494 1
 
31300 31300 1
32350 32350 1
32181 32181 1
31313 31313 1
30902 30902 1
27669 27669 1
33061 33061 1
30766 30766 1
31585 31585 1
31458 31458 1
31378 31378 1
30431 30431 1
35638 35638 1
35953 35953 1
27195 27195 1
33312 33312 1
27058 27058 1
27636 27636 1
34117 34117 1
31350 31350 1
27421 27421 1
33781 33781 1
29919 29919 1
34677 34677 1
31939 31939 1
 
31329 31329 1
30240 30240 1
32494 32494 1
28097 28097 1
35131 35131 1
33488 33488 1
32235 32235 1
36194 36194 1
32672 32672 1
78392 78392 1
41226 41226 1
41355 41355 1
34759 34759 1
33948 33948 1
37619 37619 1
34884 34884 1
33311 33311 1
35228 35228 1
32846 32846 1
30072 30072 1
36172 36172 1
26730 26730 1
30310 30310 1
38821 38821 1
32307 32307 1
 
32784 32784 1
28741 28741 1
32170 32170 1
35582 35582 1
33993 33993 1
33247 33247 1
34586 34586 1
38692 38692 1
32697 32697 1
39626 39626 1
33703 33703 1
34282 34282 1
36199 36199 1
37769 37769 1
37209 37209 1
33168 33168 1
38135 38135 1
36125 36125 1
35496 35496 1
32155 32155 1
34008 34008 1
33507 33507 1
36451 36451 1
54167 54167 1
39662 39662 1
 
32409 32409 1
39662 39662 1
46152 46152 1
32241 32241 1
35295 35295 1
44198 44198 1
33282 33282 1
31483 31483 1
32095 32095 1
38987 38987 1
33330 33330 1
32882 32882 1
36133 36133 1
35508 35508 1
34477 34477 1
35502 35502 1
36280 36280 1
34083 34083 1
39980 39980 1
35251 35251 1
32081 32081 1
38275 38275 1
31786 31786 1
29375 29375 1
40546 40546 1
 
32367 32367 1
37433 37433 1
33377 33377 1
37238 37238 1
37294 37294 1
34831 34831 1
38104 38104 1
35556 35556 1
34623 34623 1
40939 40939 1
75130 75130 1
41179 41179 1
42327 42327 1
34794 34794 1
36401 36401 1
37264 37264 1
37653 37653 1
34475 34475 1
32530 32530 1
30285 30285 1
34152 34152 1
31669 31669 1
35364 35364 1
38295 38295 1
37850 37850 1
 
37369 37369 1
38528 38528 1
35970 35970 1
34514 34514 1
44695 44695 1
39404 39404 1
40440 40440 1
36189 36189 1
33668 33668 1
34458 34458 1
33682 33682 1
36062 36062 1
37693 37693 1
31793 31793 1
33014 33014 1
36816 36816 1
36445 36445 1
33644 33644 1
36465 36465 1
39507 39507 1
43663 43663 1
73532 73532 1
43812 43812 1
44178 44178 1
45620 45620 1
 
39619 39619 1
37280 37280 1
34168 34168 1
36709 36709 1
36441 36441 1
38835 38835 1
39217 39217 1
35272 35272 1
35652 35652 1
37668 37668 1
38058 38058 1
39224 39224 1
40147 40147 1
37817 37817 1
36492 36492 1
34601 34601 1
36110 36110 1
37751 37751 1
36180 36180 1
39498 39498 1
37001 37001 1
39206 39206 1
39759 39759 1
41222 41222 1
38485 38485 1
 
38232 38232 1
43655 43655 1
38959 38959 1
38319 38319 1
41439 41439 1
105963 105963 1
58429 58429 1
45457 45457 1
41027 41027 1
42036 42036 1
38923 38923 1
40043 40043 1
36826 36826 1
42251 42251 1
39923 39923 1
36934 36934 1
36490 36490 1
37868 37868 1
46063 46063 1
37261 37261 1
41359 41359 1
39441 39441 1
37592 37592 1
34989 34989 1
36200 36200 1
 
43720 43720 1
36294 36294 1
48034 48034 1
44670 44670 1
40261 40261 1
34873 34873 1
42818 42818 1
41863 41863 1
42983 42983 1
41308 41308 1
42305 42305 1
42642 42642 1
36436 36436 1
93252 93252 1
44553 44553 1
45443 45443 1
47684 47684 1
42073 42073 1
42422 42422 1
38433 38433 1
38541 38541 1
39581 39581 1
39570 39570 1
45957 45957 1
40247 40247 1
 
42375 42375 1
38014 38014 1
43032 43032 1
45550 45550 1
43215 43215 1
40990 40990 1
39086 39086 1
38934 38934 1
40772 40772 1
37308 37308 1
44389 44389 1
39636 39636 1
41609 41609 1
40521 40521 1
36276 36276 1
45804 45804 1
42665 42665 1
38945 38945 1
43241 43241 1
43621 43621 1
67083 67083 1
42835 42835 1
52936 52936 1
41002 41002 1
44531 44531 1
 
41887 41887 1
44071 44071 1
41822 41822 1
40820 40820 1
39126 39126 1
40890 40890 1
43676 43676 1
43850 43850 1
39944 39944 1
34833 34833 1
40449 40449 1
44516 44516 1
38923 38923 1
45743 45743 1
45532 45532 1
37899 37899 1
38450 38450 1
41185 41185 1
39450 39450 1
39572 39572 1
39672 39672 1
42937 42937 1
43911 43911 1
42273 42273 1
45242 45242 1
 
13306 13306 1
32433 32433 1
18540 18540 1
15433 15433 1
16863 16863 1
14711 14711 1
13545 13545 1
13324 13324 1
13993 13993 1
13385 13385 1
13503 13503 1
13274 13274 1
13467 13467 1
13319 13319 1
13286 13286 1
13864 13864 1
13341 13341 1
13267 13267 1
13220 13220 1
13371 13371 1
13339 13339 1
13268 13268 1
13404 13404 1
13272 13272 1
13447 13447 1
 
7767 15716 0
7812 15811 0
7941 15897 0
7939 15727 0
8321 15820 0
8042 15644 0
20818 36899 0
10384 18133 0
11386 20293 0
9912 17160 0
9075 17049 0
7580 15662 0
8486 16087 0
8469 15790 0
8218 15696 0
7741 15695 0
8045 15825 0
8990 15581 0
8142 15734 0
8099 15733 0
8150 15760 0
8311 15655 0
7623 15767 0
7802 16073 0
8008 15777 0
 
===
