273 273 1
457 457 1
109 109 1
503 503 1
387 387 1
122 122 1
161 161 1
207 207 1
123 123 1
123 123 1
136 136 1
373 373 1
188 188 1
451 451 1
669 669 1
336 336 1
306 306 1
112 112 1
220 220 1
184 184 1
772 772 1
278 278 1
912 912 1
360 360 1
634 634 1
 
537 537 1
349 349 1
247 247 1
382 382 1
733 733 1
1175 1175 1
498 498 1
264 264 1
285 285 1
226 226 1
457 457 1
227 227 1
1445 1445 1
617 617 1
1256 1256 1
411 411 1
560 560 1
645 645 1
1365 1365 1
272 272 1
211 211 1
444 444 1
291 291 1
756 756 1
350 350 1
 
935 935 1
420 420 1
577 577 1
508 508 1
610 610 1
408 408 1
1307 1307 1
719 719 1
546 546 1
557 557 1
469 469 1
637 637 1
881 881 1
514 514 1
380 380 1
288 288 1
534 534 1
620 620 1
1278 1278 1
401 401 1
384 384 1
1190 1190 1
291 291 1
760 760 1
1622 1622 1
 
1365 1365 1
562 562 1
529 529 1
568 568 1
624 624 1
1657 1657 1
1301 1301 1
706 706 1
884 884 1
651 651 1
969 969 1
1750 1750 1
608 608 1
1392 1392 1
452 452 1
817 817 1
419 419 1
619 619 1
799 799 1
1215 1215 1
816 816 1
1059 1059 1
958 958 1
1710 1710 1
849 849 1
 
688 688 1
2541 2541 1
1117 1117 1
769 769 1
979 979 1
515 515 1
1826 1826 1
1008 1008 1
1879 1879 1
1307 1307 1
2444 2444 1
1082 1082 1
2052 2052 1
875 875 1
1980 1980 1
1158 1158 1
1476 1476 1
1004 1004 1
716 716 1
864 864 1
1262 1262 1
792 792 1
1102 1102 1
1010 1010 1
1850 1850 1
 
1141 1141 1
1680 1680 1
1215 1215 1
559 559 1
1584 1584 1
2087 2087 1
1125 1125 1
1660 1660 1
1257 1257 1
1814 1814 1
1265 1265 1
839 839 1
962 962 1
2245 2245 1
1426 1426 1
893 893 1
1321 1321 1
623 623 1
1309 1309 1
1286 1286 1
906 906 1
1266 1266 1
1121 1121 1
1368 1368 1
1448 1448 1
 
755 755 1
1267 1267 1
1997 1997 1
1745 1745 1
1236 1236 1
1515 1515 1
1974 1974 1
2108 2108 1
1118 1118 1
2008 2008 1
2680 2680 1
833 833 1
1554 1554 1
1749 1749 1
1109 1109 1
3052 3052 1
2121 2121 1
1458 1458 1
2012 2012 1
1954 1954 1
2620 2620 1
1823 1823 1
1138 1138 1
1451 1451 1
1864 1864 1
 
1398 1398 1
2347 2347 1
3316 3316 1
1832 1832 1
1514 1514 1
2247 2247 1
2218 2218 1
1805 1805 1
893 893 1
1678 1678 1
1238 1238 1
3047 3047 1
2156 2156 1
2176 2176 1
1690 1690 1
2085 2085 1
2519 2519 1
1264 1264 1
2306 2306 1
1002 1002 1
1567 1567 1
2458 2458 1
1171 1171 1
1500 1500 1
1767 1767 1
 
1365 1365 1
1768 1768 1
1337 1337 1
2603 2603 1
2265 2265 1
1880 1880 1
1574 1574 1
1310 1310 1
1903 1903 1
2689 2689 1
1683 1683 1
2323 2323 1
1702 1702 1
1408 1408 1
1404 1404 1
2249 2249 1
1642 1642 1
2500 2500 1
1907 1907 1
2068 2068 1
1895 1895 1
2865 2865 1
1365 1365 1
2240 2240 1
3124 3124 1
 
1898 1898 1
2050 2050 1
2634 2634 1
2367 2367 1
2842 2842 1
1726 1726 1
2224 2224 1
2523 2523 1
3146 3146 1
2662 2662 1
1914 1914 1
2751 2751 1
3584 3584 1
2584 2584 1
2548 2548 1
2692 2692 1
2025 2025 1
2777 2777 1
3451 3451 1
2285 2285 1
1752 1752 1
1640 1640 1
1841 1841 1
2365 2365 1
2233 2233 1
 
3026 3026 1
1467 1467 1
4264 4264 1
3923 3923 1
1852 1852 1
2287 2287 1
2291 2291 1
2387 2387 1
2543 2543 1
2427 2427 1
1712 1712 1
2025 2025 1
2592 2592 1
2647 2647 1
2349 2349 1
1816 1816 1
2143 2143 1
1823 1823 1
1987 1987 1
1180 1180 1
1744 1744 1
1724 1724 1
2205 2205 1
1945 1945 1
2155 2155 1
 
1776 1776 1
5095 5095 1
3061 3061 1
2026 2026 1
3269 3269 1
2216 2216 1
4510 4510 1
3082 3082 1
4021 4021 1
2157 2157 1
2028 2028 1
2495 2495 1
2559 2559 1
2357 2357 1
2132 2132 1
4342 4342 1
3030 3030 1
2225 2225 1
3686 3686 1
3522 3522 1
2179 2179 1
1791 1791 1
1626 1626 1
1476 1476 1
1881 1881 1
 
2826 2826 1
1469 1469 1
3290 3290 1
2699 2699 1
2713 2713 1
2235 2235 1
2226 2226 1
2137 2137 1
3045 3045 1
4707 4707 1
2789 2789 1
2425 2425 1
2755 2755 1
3126 3126 1
2136 2136 1
2361 2361 1
1884 1884 1
2644 2644 1
1464 1464 1
2518 2518 1
2587 2587 1
2361 2361 1
2885 2885 1
2992 2992 1
1831 1831 1
 
2670 2670 1
2653 2653 1
2676 2676 1
2346 2346 1
3115 3115 1
2709 2709 1
3736 3736 1
3441 3441 1
2924 2924 1
3639 3639 1
3197 3197 1
4406 4406 1
2558 2558 1
3675 3675 1
2587 2587 1
3759 3759 1
1936 1936 1
2624 2624 1
3503 3503 1
2392 2392 1
2593 2593 1
2919 2919 1
3727 3727 1
3132 3132 1
2491 2491 1
 
2727 2727 1
3057 3057 1
5431 5431 1
1878 1878 1
2990 2990 1
3329 3329 1
3776 3776 1
4697 4697 1
2668 2668 1
4001 4001 1
3258 3258 1
2567 2567 1
2691 2691 1
3750 3750 1
3610 3610 1
2640 2640 1
3401 3401 1
2708 2708 1
2762 2762 1
4108 4108 1
2814 2814 1
4017 4017 1
2997 2997 1
2935 2935 1
3075 3075 1
 
3724 3724 1
2915 2915 1
3386 3386 1
3453 3453 1
1853 1853 1
2739 2739 1
2844 2844 1
3083 3083 1
5185 5185 1
4382 4382 1
3904 3904 1
4060 4060 1
3625 3625 1
3685 3685 1
2869 2869 1
3823 3823 1
3932 3932 1
4215 4215 1
2678 2678 1
3757 3757 1
3843 3843 1
3804 3804 1
2137 2137 1
2992 2992 1
4953 4953 1
 
2700 2700 1
3903 3903 1
5963 5963 1
2626 2626 1
2667 2667 1
3815 3815 1
3556 3556 1
3119 3119 1
3480 3480 1
3256 3256 1
3015 3015 1
5226 5226 1
4674 4674 1
3282 3282 1
3667 3667 1
4438 4438 1
3315 3315 1
3074 3074 1
5730 5730 1
3411 3411 1
3472 3472 1
3548 3548 1
3171 3171 1
2829 2829 1
2497 2497 1
 
3407 3407 1
2766 2766 1
3256 3256 1
5238 5238 1
4421 4421 1
3859 3859 1
2663 2663 1
3823 3823 1
3403 3403 1
3607 3607 1
3098 3098 1
3005 3005 1
3896 3896 1
3245 3245 1
4137 4137 1
3502 3502 1
3718 3718 1
3527 3527 1
3027 3027 1
3800 3800 1
3556 3556 1
3547 3547 1
3777 3777 1
5487 5487 1
4247 4247 1
 
3971 3971 1
3323 3323 1
3343 3343 1
2740 2740 1
3694 3694 1
5208 5208 1
3796 3796 1
3385 3385 1
3726 3726 1
4674 4674 1
3009 3009 1
3099 3099 1
4551 4551 1
5208 5208 1
5361 5361 1
4179 4179 1
3583 3583 1
5699 5699 1
3959 3959 1
3929 3929 1
4104 4104 1
3848 3848 1
4625 4625 1
4458 4458 1
3443 3443 1
 
4358 4358 1
3841 3841 1
3536 3536 1
3405 3405 1
4853 4853 1
4518 4518 1
5862 5862 1
4752 4752 1
2988 2988 1
4102 4102 1
4690 4690 1
4257 4257 1
3800 3800 1
4610 4610 1
3432 3432 1
3838 3838 1
4349 4349 1
4930 4930 1
5210 5210 1
4178 4178 1
5696 5696 1
4136 4136 1
4096 4096 1
4765 4765 1
5144 5144 1
 
4074 4074 1
3904 3904 1
3538 3538 1
5353 5353 1
3324 3324 1
3698 3698 1
3286 3286 1
3805 3805 1
5936 5936 1
4101 4101 1
4389 4389 1
4489 4489 1
4368 4368 1
3941 3941 1
3681 3681 1
4499 4499 1
4495 4495 1
4758 4758 1
5898 5898 1
4654 4654 1
3265 3265 1
4491 4491 1
4103 4103 1
3993 3993 1
4671 4671 1
 
6286 6286 1
6014 6014 1
4704 4704 1
4862 4862 1
4454 4454 1
5137 5137 1
4936 4936 1
4562 4562 1
3746 3746 1
5316 5316 1
5480 5480 1
3348 3348 1
4736 4736 1
4953 4953 1
6836 6836 1
5147 5147 1
5675 5675 1
3989 3989 1
3830 3830 1
4956 4956 1
4545 4545 1
4021 4021 1
4726 4726 1
7383 7383 1
4039 4039 1
 
4090 4090 1
5641 5641 1
4170 4170 1
3492 3492 1
9283 9283 1
5876 5876 1
4265 4265 1
4374 4374 1
6422 6422 1
5028 5028 1
6858 6858 1
5876 5876 1
5708 5708 1
4407 4407 1
4705 4705 1
4350 4350 1
4638 4638 1
3525 3525 1
5854 5854 1
4202 4202 1
4218 4218 1
5845 5845 1
5073 5073 1
4410 4410 1
5775 5775 1
 
4933 4933 1
5911 5911 1
6080 6080 1
4634 4634 1
4719 4719 1
5517 5517 1
5150 5150 1
5839 5839 1
5490 5490 1
5645 5645 1
4126 4126 1
4347 4347 1
4953 4953 1
4841 4841 1
5147 5147 1
5734 5734 1
5331 5331 1
4998 4998 1
5697 5697 1
6715 6715 1
7035 7035 1
5635 5635 1
3738 3738 1
5507 5507 1
4931 4931 1
 
4693 4693 1
6629 6629 1
4489 4489 1
6491 6491 1
4051 4051 1
4452 4452 1
3326 3326 1
6192 6192 1
4136 4136 1
5396 5396 1
5432 5432 1
6292 6292 1
4766 4766 1
6279 6279 1
4736 4736 1
5955 5955 1
7164 7164 1
4267 4267 1
5247 5247 1
4050 4050 1
4327 4327 1
5950 5950 1
5581 5581 1
5044 5044 1
5356 5356 1
 
6530 6530 1
4413 4413 1
6686 6686 1
5103 5103 1
4854 4854 1
4687 4687 1
5787 5787 1
5164 5164 1
6825 6825 1
5137 5137 1
5019 5019 1
5807 5807 1
3750 3750 1
4178 4178 1
4422 4422 1
5436 5436 1
4435 4435 1
6004 6004 1
5880 5880 1
4479 4479 1
6809 6809 1
5357 5357 1
6633 6633 1
6724 6724 1
7103 7103 1
 
4569 4569 1
6938 6938 1
4893 4893 1
5059 5059 1
6118 6118 1
5696 5696 1
4546 4546 1
5787 5787 1
5367 5367 1
5081 5081 1
4255 4255 1
6222 6222 1
5942 5942 1
5632 5632 1
5451 5451 1
6224 6224 1
4678 4678 1
3814 3814 1
3995 3995 1
4940 4940 1
4968 4968 1
5992 5992 1
4864 4864 1
6385 6385 1
5019 5019 1
 
6685 6685 1
5461 5461 1
7194 7194 1
5857 5857 1
6552 6552 1
6040 6040 1
6446 6446 1
4633 4633 1
5158 5158 1
7224 7224 1
6366 6366 1
5047 5047 1
8168 8168 1
5325 5325 1
5345 5345 1
6727 6727 1
6076 6076 1
4276 4276 1
6745 6745 1
7469 7469 1
5409 5409 1
7764 7764 1
6107 6107 1
5847 5847 1
5730 5730 1
 
5466 5466 1
4641 4641 1
4447 4447 1
6841 6841 1
7412 7412 1
5033 5033 1
6586 6586 1
6735 6735 1
4535 4535 1
7032 7032 1
7788 7788 1
4165 4165 1
5828 5828 1
6226 6226 1
6838 6838 1
5927 5927 1
7784 7784 1
7004 7004 1
6558 6558 1
4958 4958 1
6664 6664 1
4895 4895 1
4011 4011 1
7813 7813 1
7547 7547 1
 
8332 8332 1
4970 4970 1
8238 8238 1
6683 6683 1
6231 6231 1
8843 8843 1
7787 7787 1
6617 6617 1
8443 8443 1
4496 4496 1
5691 5691 1
5373 5373 1
7721 7721 1
6461 6461 1
7408 7408 1
6773 6773 1
6560 6560 1
8667 8667 1
5661 5661 1
5536 5536 1
5582 5582 1
6931 6931 1
8365 8365 1
6834 6834 1
5967 5967 1
 
7188 7188 1
6870 6870 1
4983 4983 1
5236 5236 1
6091 6091 1
6632 6632 1
6822 6822 1
6079 6079 1
6810 6810 1
9102 9102 1
8260 8260 1
5751 5751 1
6795 6795 1
8722 8722 1
6791 6791 1
5773 5773 1
8143 8143 1
7654 7654 1
6185 6185 1
6788 6788 1
8057 8057 1
7234 7234 1
7816 7816 1
6117 6117 1
5554 5554 1
 
8228 8228 1
6261 6261 1
7068 7068 1
5770 5770 1
6824 6824 1
7977 7977 1
6314 6314 1
5876 5876 1
5516 5516 1
5956 5956 1
6700 6700 1
6539 6539 1
5478 5478 1
7999 7999 1
6108 6108 1
5949 5949 1
4972 4972 1
6305 6305 1
8308 8308 1
6471 6471 1
6338 6338 1
7691 7691 1
6885 6885 1
7025 7025 1
6416 6416 1
 
7531 7531 1
6172 6172 1
8455 8455 1
7862 7862 1
7850 7850 1
6639 6639 1
6128 6128 1
9043 9043 1
7079 7079 1
8329 8329 1
9465 9465 1
5917 5917 1
6182 6182 1
6605 6605 1
5875 5875 1
8573 8573 1
4995 4995 1
6257 6257 1
7569 7569 1
5484 5484 1
8260 8260 1
5714 5714 1
7744 7744 1
7080 7080 1
6100 6100 1
 
7156 7156 1
7648 7648 1
7248 7248 1
7176 7176 1
5826 5826 1
8935 8935 1
7933 7933 1
7710 7710 1
10450 10450 1
6463 6463 1
7445 7445 1
6103 6103 1
8353 8353 1
9344 9344 1
6162 6162 1
8556 8556 1
7769 7769 1
8283 8283 1
6616 6616 1
6200 6200 1
7912 7912 1
7554 7554 1
7168 7168 1
5809 5809 1
7806 7806 1
 
6614 6614 1
8757 8757 1
6367 6367 1
7389 7389 1
6501 6501 1
5330 5330 1
6138 6138 1
9200 9200 1
9155 9155 1
6192 6192 1
8797 8797 1
8373 8373 1
7618 7618 1
7711 7711 1
7771 7771 1
7454 7454 1
5684 5684 1
7786 7786 1
8874 8874 1
7629 7629 1
6611 6611 1
5586 5586 1
6154 6154 1
5778 5778 1
5852 5852 1
 
9500 9500 1
8775 8775 1
8902 8902 1
7738 7738 1
7553 7553 1
6298 6298 1
8517 8517 1
7892 7892 1
6133 6133 1
8287 8287 1
8810 8810 1
5036 5036 1
8832 8832 1
8703 8703 1
8409 8409 1
10550 10550 1
8341 8341 1
10301 10301 1
7711 7711 1
8056 8056 1
8876 8876 1
6183 6183 1
8486 8486 1
8878 8878 1
5361 5361 1
 
7318 7318 1
7857 7857 1
7786 7786 1
6557 6557 1
6755 6755 1
6228 6228 1
8951 8951 1
8918 8918 1
8616 8616 1
6873 6873 1
10370 10370 1
7744 7744 1
8352 8352 1
7579 7579 1
7612 7612 1
8381 8381 1
7949 7949 1
6311 6311 1
9396 9396 1
6121 6121 1
8449 8449 1
7243 7243 1
10447 10447 1
10018 10018 1
7052 7052 1
 
8360 8360 1
9162 9162 1
6560 6560 1
7372 7372 1
8790 8790 1
8040 8040 1
8573 8573 1
9396 9396 1
7037 7037 1
9067 9067 1
6756 6756 1
10270 10270 1
11153 11153 1
6542 6542 1
8228 8228 1
6636 6636 1
7702 7702 1
6395 6395 1
8571 8571 1
7391 7391 1
8006 8006 1
7636 7636 1
11153 11153 1
6552 6552 1
9592 9592 1
 
8000 8000 1
8522 8522 1
7679 7679 1
7083 7083 1
8102 8102 1
8155 8155 1
7660 7660 1
8545 8545 1
5831 5831 1
9019 9019 1
8236 8236 1
10035 10035 1
9146 9146 1
8715 8715 1
6496 6496 1
7223 7223 1
7618 7618 1
9085 9085 1
6899 6899 1
7435 7435 1
9379 9379 1
10841 10841 1
7481 7481 1
8527 8527 1
7928 7928 1
 
9668 9668 1
7555 7555 1
10413 10413 1
6440 6440 1
8755 8755 1
10296 10296 1
8686 8686 1
8061 8061 1
7805 7805 1
7592 7592 1
7363 7363 1
8482 8482 1
9717 9717 1
11062 11062 1
7501 7501 1
9537 9537 1
11789 11789 1
6740 6740 1
8511 8511 1
10482 10482 1
8865 8865 1
8465 8465 1
9846 9846 1
8742 8742 1
8901 8901 1
 
8179 8179 1
10292 10292 1
7738 7738 1
6955 6955 1
9722 9723 0
11573 11573 1
8669 8669 1
10579 10579 1
6788 6788 1
8123 8123 1
7942 7942 1
9113 9113 1
7373 7373 1
6959 6959 1
7624 7624 1
7922 7922 1
8032 8032 1
9996 9996 1
8066 8066 1
7014 7014 1
7989 7989 1
8487 8487 1
9819 9819 1
9592 9592 1
8893 8893 1
 
1528 9159 0
1609 9030 0
1632 9867 0
1640 9437 0
1446 8581 0
1357 7265 0
1408 7341 0
1711 9696 0
1511 8399 0
1904 10431 0
1835 9644 0
1549 10013 0
1407 9007 0
1650 10594 0
1687 9549 0
1689 11444 0
1682 9746 0
1602 9174 0
1542 8869 0
1500 9196 0
1619 9502 0
1160 6557 0
1883 10186 0
1623 8848 0
1493 9317 0
 
===
