195 195 1
126 126 1
912 912 1
123 123 1
119 119 1
246 246 1
717 717 1
114 114 1
139 139 1
116 116 1
129 129 1
156 156 1
134 134 1
103 103 1
105 105 1
136 136 1
297 297 1
259 259 1
259 259 1
220 220 1
154 154 1
147 147 1
347 347 1
347 347 1
273 273 1
 
437 437 1
1003 1003 1
259 259 1
134 134 1
325 325 1
211 211 1
503 503 1
503 503 1
166 166 1
138 138 1
136 136 1
241 241 1
159 159 1
297 297 1
288 288 1
141 141 1
503 503 1
437 437 1
195 195 1
178 178 1
558 558 1
591 591 1
403 403 1
306 306 1
315 315 1
 
330 330 1
448 448 1
235 235 1
301 301 1
773 773 1
195 195 1
325 325 1
420 420 1
106 106 1
175 175 1
431 431 1
669 669 1
188 188 1
246 246 1
108 108 1
126 126 1
373 373 1
159 159 1
319 319 1
403 403 1
717 717 1
315 315 1
172 172 1
108 108 1
565 565 1
 
409 409 1
234 234 1
596 596 1
776 776 1
1025 1025 1
672 672 1
562 562 1
400 400 1
1218 1218 1
501 501 1
928 928 1
916 916 1
622 622 1
447 447 1
161 161 1
466 466 1
312 312 1
252 252 1
613 613 1
120 120 1
237 237 1
444 444 1
358 358 1
334 334 1
1120 1120 1
 
582 582 1
295 295 1
848 848 1
376 376 1
386 386 1
493 493 1
382 382 1
326 326 1
414 414 1
508 508 1
437 437 1
308 308 1
707 707 1
357 357 1
407 407 1
385 385 1
845 845 1
928 928 1
481 481 1
372 372 1
386 386 1
264 264 1
769 769 1
661 661 1
738 738 1
 
816 816 1
672 672 1
267 267 1
218 218 1
684 684 1
459 459 1
884 884 1
208 208 1
256 256 1
250 250 1
282 282 1
1001 1001 1
585 585 1
509 509 1
611 611 1
436 436 1
258 258 1
1053 1053 1
359 359 1
1067 1067 1
350 350 1
987 987 1
853 853 1
453 453 1
609 609 1
 
1083 1083 1
674 674 1
686 686 1
449 449 1
922 922 1
215 215 1
793 793 1
625 625 1
327 327 1
404 404 1
748 748 1
238 238 1
709 709 1
1145 1145 1
624 624 1
429 429 1
622 622 1
269 269 1
910 910 1
609 609 1
891 891 1
1442 1442 1
1093 1093 1
678 678 1
1468 1468 1
 
917 917 1
570 570 1
861 861 1
703 703 1
690 690 1
713 713 1
624 624 1
517 517 1
1341 1341 1
447 447 1
1042 1042 1
484 484 1
748 748 1
743 743 1
368 368 1
466 466 1
591 591 1
1174 1174 1
784 784 1
626 626 1
849 849 1
1177 1177 1
520 520 1
1251 1251 1
626 626 1
 
1421 1421 1
1126 1126 1
1052 1052 1
499 499 1
661 661 1
420 420 1
513 513 1
429 429 1
598 598 1
456 456 1
704 704 1
460 460 1
1011 1011 1
480 480 1
509 509 1
397 397 1
563 563 1
1502 1502 1
1249 1249 1
587 587 1
2039 2039 1
480 480 1
1509 1509 1
1261 1261 1
686 686 1
 
945 945 1
829 829 1
1141 1141 1
760 760 1
861 861 1
1167 1167 1
1991 1991 1
1555 1555 1
1041 1041 1
418 418 1
525 525 1
1037 1037 1
477 477 1
1431 1431 1
473 473 1
431 431 1
631 631 1
454 454 1
1004 1004 1
689 689 1
1087 1087 1
709 709 1
1321 1321 1
1577 1577 1
744 744 1
 
723 723 1
1177 1177 1
813 813 1
764 764 1
1318 1318 1
1041 1041 1
842 842 1
719 719 1
545 545 1
1199 1199 1
484 484 1
503 503 1
522 522 1
735 735 1
816 816 1
2248 2248 1
1070 1070 1
380 380 1
1035 1035 1
1434 1434 1
763 763 1
757 757 1
943 943 1
1376 1376 1
1055 1055 1
 
1487 1487 1
1711 1711 1
1301 1301 1
755 755 1
1297 1297 1
935 935 1
915 915 1
991 991 1
980 980 1
1122 1122 1
790 790 1
1199 1199 1
916 916 1
1664 1664 1
1214 1214 1
1284 1284 1
793 793 1
448 448 1
1954 1954 1
799 799 1
1382 1382 1
743 743 1
1548 1548 1
1246 1246 1
1086 1086 1
 
799 799 1
845 845 1
1617 1617 1
1092 1092 1
912 912 1
852 852 1
1903 1903 1
496 496 1
1278 1278 1
918 918 1
1594 1594 1
1523 1523 1
1056 1056 1
1320 1320 1
1004 1004 1
767 767 1
848 848 1
769 769 1
1563 1563 1
661 661 1
742 742 1
1108 1108 1
759 759 1
915 915 1
799 799 1
 
1001 1001 1
1020 1020 1
746 746 1
1125 1125 1
1263 1263 1
1669 1669 1
996 996 1
1095 1095 1
1284 1284 1
2126 2126 1
944 944 1
1249 1249 1
808 808 1
697 697 1
654 654 1
825 825 1
736 736 1
1218 1218 1
730 730 1
942 942 1
897 897 1
1481 1481 1
836 836 1
1714 1714 1
901 901 1
 
1991 1991 1
1319 1319 1
1617 1617 1
996 996 1
658 658 1
1683 1683 1
858 858 1
921 921 1
635 635 1
1752 1752 1
1937 1937 1
1085 1085 1
1601 1601 1
1217 1217 1
1307 1307 1
647 647 1
1592 1592 1
1916 1916 1
701 701 1
1482 1482 1
1151 1151 1
2417 2417 1
789 789 1
666 666 1
1006 1006 1
 
1723 1723 1
1853 1853 1
1551 1551 1
2021 2021 1
838 838 1
879 879 1
1200 1200 1
1470 1470 1
1501 1501 1
1696 1696 1
774 774 1
946 946 1
1270 1270 1
1242 1242 1
791 791 1
3247 3247 1
1069 1069 1
1115 1115 1
1088 1088 1
1094 1094 1
856 856 1
1314 1314 1
1941 1941 1
1156 1156 1
1346 1346 1
 
1357 1357 1
2650 2650 1
681 681 1
1072 1072 1
1403 1403 1
1373 1373 1
1131 1131 1
1359 1359 1
1300 1300 1
1573 1573 1
835 835 1
1606 1606 1
1318 1318 1
1299 1299 1
1926 1926 1
1924 1924 1
1980 1980 1
2029 2029 1
1026 1026 1
978 978 1
967 967 1
2202 2202 1
1906 1906 1
1601 1601 1
2348 2348 1
 
1258 1258 1
1365 1365 1
955 955 1
950 950 1
1625 1625 1
2070 2070 1
903 903 1
1461 1461 1
1238 1238 1
914 914 1
1032 1032 1
1829 1829 1
922 922 1
2257 2257 1
2142 2142 1
1737 1737 1
1666 1666 1
2242 2242 1
1868 1868 1
1604 1604 1
989 989 1
1776 1776 1
1743 1743 1
822 822 1
906 906 1
 
2231 2231 1
1050 1050 1
1331 1331 1
1676 1676 1
1329 1329 1
1960 1960 1
1236 1236 1
2153 2153 1
1592 1592 1
1086 1086 1
1459 1459 1
1845 1845 1
1365 1365 1
1417 1417 1
890 890 1
1659 1659 1
1009 1009 1
2035 2035 1
1091 1091 1
1062 1062 1
1335 1335 1
2129 2129 1
979 979 1
1087 1087 1
934 934 1
 
1734 1734 1
1940 1940 1
1845 1845 1
1344 1344 1
2132 2132 1
1820 1820 1
1304 1304 1
1177 1177 1
1744 1744 1
1796 1796 1
1320 1320 1
929 929 1
1084 1084 1
1312 1312 1
1759 1759 1
1778 1778 1
2069 2069 1
1785 1785 1
2330 2330 1
2167 2167 1
1203 1203 1
1598 1598 1
1849 1849 1
2814 2814 1
1868 1868 1
 
2525 2525 1
2092 2092 1
1480 1480 1
1263 1263 1
915 915 1
1582 1582 1
1807 1807 1
1044 1044 1
1646 1646 1
1953 1953 1
1666 1666 1
1748 1748 1
2054 2054 1
1306 1306 1
2563 2563 1
2153 2153 1
1286 1286 1
2072 2072 1
2153 2153 1
1869 1869 1
926 926 1
2605 2605 1
1467 1467 1
2060 2060 1
1195 1195 1
 
1929 1929 1
1317 1317 1
1339 1339 1
2061 2061 1
1904 1904 1
1725 1725 1
1313 1313 1
1314 1314 1
2143 2143 1
2145 2145 1
1794 1794 1
1481 1481 1
2370 2370 1
1785 1785 1
1550 1550 1
1252 1252 1
1423 1423 1
1257 1257 1
1258 1258 1
1030 1030 1
1383 1383 1
1931 1931 1
1588 1588 1
1327 1327 1
2037 2037 1
 
1920 1920 1
2003 2003 1
1264 1264 1
1933 1933 1
1498 1498 1
1670 1670 1
2052 2052 1
2089 2089 1
1066 1066 1
1315 1315 1
2061 2061 1
1318 1318 1
1272 1272 1
1613 1613 1
1731 1731 1
2320 2320 1
1885 1885 1
2361 2361 1
2248 2248 1
1154 1154 1
2013 2013 1
1421 1421 1
2011 2011 1
1766 1766 1
1999 1999 1
 
2464 2464 1
3351 3351 1
1977 1977 1
1789 1789 1
1968 1968 1
2150 2150 1
2275 2275 1
1195 1195 1
1574 1574 1
1860 1860 1
1847 1847 1
1321 1321 1
1222 1222 1
2121 2121 1
1228 1228 1
1320 1320 1
3624 3624 1
2006 2006 1
2164 2164 1
1562 1562 1
2469 2469 1
1999 1999 1
1952 1952 1
2277 2277 1
2583 2583 1
 
1249 1249 1
3108 3108 1
2812 2812 1
1196 1196 1
1625 1625 1
1772 1772 1
1419 1419 1
1653 1653 1
1730 1730 1
2542 2542 1
2948 2948 1
1411 1411 1
1980 1980 1
3972 3972 1
2680 2680 1
1886 1886 1
1821 1821 1
2341 2341 1
2028 2028 1
2297 2297 1
1904 1904 1
2150 2150 1
1269 1269 1
1838 1838 1
1718 1718 1
 
1492 1492 1
1654 1654 1
2706 2706 1
1785 1785 1
3339 3339 1
2077 2077 1
1687 1687 1
2013 2013 1
1236 1236 1
2189 2189 1
1329 1329 1
2542 2542 1
1426 1426 1
1518 1518 1
1803 1803 1
1712 1712 1
1546 1546 1
2014 2014 1
2850 2850 1
1219 1219 1
1786 1786 1
2550 2550 1
1494 1494 1
1934 1934 1
1703 1703 1
 
2283 2283 1
3468 3468 1
2940 2940 1
1542 1542 1
2526 2526 1
2999 2999 1
2532 2532 1
2230 2230 1
2861 2861 1
2063 2063 1
2390 2390 1
1064 1064 1
2704 2704 1
1969 1969 1
2266 2266 1
3027 3027 1
2060 2060 1
1207 1207 1
1827 1827 1
2205 2205 1
2184 2184 1
3446 3446 1
1307 1307 1
1746 1746 1
1869 1869 1
 
2154 2154 1
1531 1531 1
4783 4783 1
2092 2093 0
2578 2578 1
2238 2238 1
2548 2548 1
2087 2087 1
2450 2450 1
1693 1693 1
2013 2013 1
1468 1468 1
1840 1840 1
2232 2232 1
1415 1415 1
1963 1963 1
1506 1506 1
1156 1156 1
2938 2938 1
2511 2511 1
1423 1423 1
2182 2182 1
1728 1728 1
1184 1184 1
2064 2064 1
 
1470 1470 1
1906 1906 1
1749 1749 1
2870 2870 1
1640 1640 1
2096 2096 1
2252 2252 1
2676 2676 1
2429 2429 1
2956 2956 1
1406 1406 1
1265 1265 1
2224 2224 1
2667 2667 1
2121 2121 1
2393 2393 1
2619 2619 1
2506 2506 1
3292 3292 1
2847 2847 1
2023 2023 1
2829 2829 1
2365 2365 1
3073 3073 1
1916 1916 1
 
2086 2086 1
2435 2435 1
2179 2179 1
3099 3099 1
2225 2225 1
1868 1868 1
2657 2657 1
2152 2152 1
2202 2202 1
2101 2101 1
2571 2571 1
1895 1895 1
2645 2645 1
4171 4172 0
2302 2302 1
1579 1579 1
2781 2781 1
1762 1762 1
1874 1874 1
1803 1803 1
2364 2364 1
3116 3116 1
1749 1749 1
2536 2536 1
2172 2172 1
 
2598 2598 1
2542 2542 1
2725 2725 1
1699 1699 1
2012 2012 1
2703 2703 1
2829 2829 1
2457 2457 1
2914 2914 1
2518 2518 1
2528 2529 0
1981 1981 1
1942 1942 1
2396 2396 1
1968 1968 1
1929 1929 1
1597 1597 1
2166 2166 1
3103 3103 1
1839 1839 1
2537 2537 1
2803 2803 1
2266 2266 1
2033 2034 0
3131 3131 1
 
1931 1931 1
1898 1898 1
2213 2213 1
3426 3426 1
2868 2869 0
2263 2264 0
3072 3072 1
3964 3964 1
2789 2789 1
1631 1632 0
2555 2555 1
2141 2141 1
2313 2313 1
2337 2337 1
2847 2847 1
2325 2325 1
1726 1727 0
2536 2536 1
2157 2157 1
2934 2934 1
3265 3265 1
2611 2611 1
3638 3638 1
2733 2733 1
1791 1792 0
 
3041 3041 1
2945 2945 1
2483 2483 1
3789 3789 1
1767 1767 1
2846 2848 0
1624 1627 0
2226 2228 0
1554 1554 1
2060 2060 1
1751 1751 1
3115 3115 1
3532 3532 1
2332 2332 1
2420 2420 1
3234 3234 1
3033 3033 1
2003 2004 0
3451 3451 1
2374 2374 1
4841 4842 0
1944 1944 1
2202 2204 0
1460 1462 0
1834 1836 0
 
2961 2962 0
2548 2548 1
2984 2986 0
4100 4100 1
1961 1966 0
1880 1880 1
2327 2327 1
2707 2709 0
2966 2966 1
2832 2832 1
1879 1887 0
2237 2237 1
3210 3211 0
3166 3166 1
2152 2152 1
2106 2111 0
2907 2911 0
2093 2096 0
2948 2948 1
2824 2830 0
2439 2440 0
2579 2579 1
2425 2430 0
2424 2426 0
1926 1931 0
 
3087 3087 1
2486 2486 1
2412 2412 1
2034 2042 0
3028 3032 0
2369 2379 0
3149 3149 1
1765 1766 0
2968 2970 0
3015 3015 1
1753 1756 0
3003 3012 0
2178 2181 0
3159 3159 1
2557 2562 0
2665 2667 0
2956 2957 0
3436 3446 0
3187 3193 0
2816 2822 0
2522 2532 0
1729 1731 0
3075 3095 0
2532 2532 1
1684 1685 0
 
3244 3254 0
2168 2181 0
2727 2745 0
2930 2931 0
3713 3736 0
2592 2614 0
3238 3239 0
2438 2443 0
2463 2466 0
2417 2427 0
1952 1971 0
3123 3125 0
2629 2635 0
2285 2288 0
3279 3285 0
1562 1587 0
2021 2039 0
2671 2672 0
2890 2902 0
3120 3132 0
2500 2501 0
2677 2677 1
3635 3637 0
1602 1603 0
2137 2140 0
 
2378 2416 0
2932 2939 0
3218 3239 0
2941 2955 0
3006 3062 0
2343 2354 0
2563 2576 0
2101 2108 0
2898 2909 0
2397 2415 0
3917 3929 0
2634 2665 0
2157 2168 0
1997 2018 0
2048 2053 0
3017 3018 0
3165 3169 0
2582 2600 0
2526 2556 0
2917 2923 0
3777 3858 0
1692 1738 0
2712 2742 0
2895 2901 0
3234 3236 0
 
3519 3543 0
2985 2990 0
2185 2191 0
3537 3582 0
1942 2020 0
1883 1969 0
2827 2859 0
3817 3850 0
2525 2566 0
3444 3467 0
2862 2902 0
2482 2495 0
2335 2366 0
3425 3491 0
2133 2199 0
2308 2343 0
3374 3386 0
2142 2217 0
3255 3263 0
2859 2869 0
3854 3875 0
3490 3539 0
5144 5170 0
2933 3043 0
2674 2683 0
 
1846 1898 0
2187 2235 0
2468 2702 0
2965 2996 0
3140 3263 0
1953 2042 0
2603 2681 0
2611 2650 0
2476 2609 0
2967 2988 0
2920 3020 0
2144 2205 0
2639 2731 0
3098 3148 0
2868 3131 0
2497 2580 0
2286 2434 0
3975 4034 0
2823 2853 0
2415 2469 0
3685 3779 0
2150 2226 0
3961 4085 0
3702 3731 0
3123 3135 0
 
2724 2827 0
3044 3080 0
2386 2509 0
2545 2657 0
2617 2749 0
2623 2772 0
2210 2324 0
5385 5725 0
3221 3477 0
2866 3119 0
2376 2421 0
3882 4024 0
4367 4451 0
4492 4667 0
2722 2834 0
3361 3509 0
2423 2501 0
2490 2605 0
2295 2471 0
2417 2601 0
3650 3796 0
3136 3427 0
3030 3330 0
2764 2906 0
3021 3295 0
 
3892 5270 0
2394 2985 0
3350 4125 0
3529 4205 0
2259 3153 0
2705 3239 0
2273 2995 0
2525 3057 0
2537 3122 0
1565 2100 0
2782 3688 0
1739 2327 0
1827 2624 0
2183 2544 0
1983 2893 0
1957 2667 0
2904 3682 0
2311 2845 0
3613 4302 0
3056 3984 0
2170 2852 0
3372 4040 0
3017 3880 0
3297 3762 0
3828 4374 0
 
253 2263 0
529 3816 0
438 3785 0
187 2299 0
377 4275 0
225 2032 0
341 3212 0
260 2729 0
311 2542 0
480 5108 0
421 3793 0
213 4020 0
612 4262 0
356 4346 0
355 2778 0
265 2469 0
368 3879 0
254 2936 0
470 4220 0
391 2890 0
335 3258 0
377 3874 0
234 2288 0
400 3543 0
328 3008 0
 
===
