626 626 1
1093 1093 1
734 734 1
710 710 1
617 617 1
395 395 1
656 656 1
737 737 1
745 745 1
809 809 1
419 419 1
827 827 1
1101 1101 1
880 880 1
503 503 1
668 668 1
553 553 1
687 687 1
780 780 1
781 781 1
682 682 1
653 653 1
620 620 1
512 512 1
800 800 1
 
507 507 1
728 728 1
593 593 1
716 716 1
745 745 1
877 877 1
719 719 1
679 679 1
1173 1173 1
620 620 1
931 931 1
685 685 1
757 757 1
804 804 1
1048 1048 1
751 751 1
768 768 1
1075 1075 1
577 577 1
1412 1412 1
945 945 1
902 902 1
877 877 1
613 613 1
473 473 1
 
1179 1179 1
1055 1055 1
808 808 1
825 825 1
574 574 1
857 857 1
774 774 1
741 741 1
705 705 1
1115 1115 1
559 559 1
673 673 1
797 797 1
632 632 1
637 637 1
1072 1072 1
651 651 1
746 746 1
782 782 1
741 741 1
756 756 1
1049 1049 1
945 945 1
963 963 1
947 947 1
 
745 745 1
1008 1008 1
601 601 1
638 638 1
889 889 1
688 688 1
955 955 1
654 654 1
1288 1288 1
754 754 1
1151 1151 1
882 882 1
720 720 1
1360 1360 1
1043 1043 1
967 967 1
413 413 1
688 688 1
627 627 1
871 871 1
838 838 1
858 858 1
711 711 1
742 742 1
844 844 1
 
184 184 1
297 297 1
181 181 1
228 228 1
206 206 1
229 229 1
264 264 1
233 233 1
276 276 1
236 236 1
217 217 1
265 265 1
174 174 1
225 225 1
278 278 1
200 200 1
234 234 1
225 225 1
262 262 1
288 288 1
154 154 1
266 266 1
305 305 1
229 229 1
215 215 1
 
204 204 1
193 193 1
168 168 1
244 244 1
317 317 1
204 204 1
224 224 1
285 285 1
184 184 1
163 163 1
187 187 1
287 287 1
199 199 1
233 233 1
232 232 1
258 258 1
175 175 1
265 265 1
131 131 1
280 280 1
219 219 1
177 177 1
240 240 1
197 197 1
191 191 1
 
267 267 1
219 219 1
230 230 1
313 313 1
211 211 1
293 293 1
245 245 1
302 302 1
243 243 1
197 197 1
248 248 1
296 296 1
364 364 1
312 312 1
292 292 1
255 255 1
195 195 1
255 255 1
223 223 1
231 231 1
226 226 1
268 268 1
230 230 1
212 212 1
232 232 1
 
326 326 1
355 355 1
272 272 1
346 346 1
251 251 1
245 245 1
334 334 1
280 280 1
337 337 1
200 200 1
215 215 1
303 303 1
173 173 1
340 340 1
284 284 1
390 390 1
297 297 1
358 358 1
255 255 1
374 374 1
273 273 1
220 220 1
353 353 1
215 215 1
270 270 1
 
230 230 1
276 276 1
353 353 1
298 298 1
286 286 1
190 190 1
263 263 1
323 323 1
286 286 1
271 271 1
249 249 1
350 350 1
232 232 1
321 321 1
303 303 1
265 265 1
322 322 1
307 307 1
210 210 1
328 328 1
332 332 1
271 271 1
285 285 1
297 297 1
378 378 1
 
297 297 1
281 281 1
515 515 1
314 314 1
309 309 1
366 366 1
301 301 1
343 343 1
412 412 1
203 203 1
337 337 1
325 325 1
307 307 1
249 249 1
323 323 1
384 384 1
346 346 1
205 205 1
216 216 1
261 261 1
302 302 1
278 278 1
332 332 1
281 281 1
247 247 1
 
232 232 1
344 344 1
359 359 1
253 253 1
238 238 1
315 315 1
385 385 1
257 257 1
361 361 1
238 238 1
286 286 1
269 269 1
347 347 1
280 280 1
319 319 1
340 340 1
438 438 1
369 369 1
395 395 1
282 282 1
256 256 1
349 349 1
343 343 1
344 344 1
364 364 1
 
306 306 1
304 304 1
402 402 1
347 347 1
353 353 1
235 235 1
274 274 1
314 314 1
335 335 1
254 254 1
343 343 1
216 216 1
211 211 1
223 223 1
303 303 1
257 257 1
338 338 1
245 245 1
241 241 1
368 368 1
307 307 1
256 256 1
352 352 1
235 235 1
328 328 1
 
406 406 1
216 216 1
463 463 1
349 349 1
428 428 1
377 377 1
274 274 1
266 266 1
299 299 1
317 317 1
257 257 1
332 332 1
371 371 1
283 283 1
232 232 1
328 328 1
335 335 1
304 304 1
357 357 1
337 337 1
290 290 1
270 270 1
325 325 1
292 292 1
418 418 1
 
274 274 1
373 374 0
414 414 1
335 335 1
339 339 1
338 338 1
306 306 1
276 276 1
411 411 1
394 394 1
299 299 1
270 271 0
260 260 1
296 296 1
357 357 1
406 406 1
337 337 1
292 292 1
275 275 1
325 325 1
408 408 1
353 353 1
396 396 1
284 284 1
434 434 1
 
385 385 1
318 318 1
389 389 1
381 381 1
370 370 1
351 354 0
298 298 1
356 356 1
385 385 1
491 491 1
509 509 1
345 345 1
379 379 1
378 378 1
336 336 1
341 341 1
433 433 1
297 297 1
321 321 1
451 451 1
318 318 1
351 351 1
340 340 1
435 435 1
314 314 1
 
302 304 0
432 433 0
421 422 0
350 350 1
402 402 1
262 267 0
440 440 1
414 414 1
286 289 0
379 379 1
314 314 1
297 297 1
478 478 1
326 326 1
381 381 1
351 352 0
417 417 1
407 407 1
262 262 1
387 388 0
411 411 1
339 339 1
365 366 0
428 428 1
400 400 1
 
315 317 0
343 344 0
309 310 0
336 336 1
485 485 1
294 294 1
293 298 0
413 413 1
337 338 0
455 455 1
341 341 1
281 282 0
397 397 1
470 473 0
414 414 1
340 341 0
375 375 1
351 351 1
393 393 1
423 423 1
408 408 1
326 328 0
423 423 1
354 354 1
319 319 1
 
519 519 1
296 299 0
337 337 1
379 379 1
481 481 1
488 488 1
501 501 1
327 327 1
403 403 1
427 427 1
456 456 1
333 334 0
416 416 1
511 511 1
400 401 0
429 435 0
441 441 1
431 432 0
358 358 1
366 370 0
397 397 1
323 323 1
480 480 1
320 324 0
397 398 0
 
336 336 1
357 359 0
453 453 1
419 419 1
444 447 0
370 372 0
499 499 1
419 419 1
363 369 0
344 350 0
372 379 0
420 427 0
444 444 1
402 404 0
412 412 1
321 326 0
423 423 1
409 410 0
413 418 0
420 421 0
487 487 1
311 315 0
483 486 0
503 503 1
403 407 0
 
571 571 1
398 415 0
390 404 0
376 392 0
368 371 0
373 377 0
412 413 0
444 451 0
441 443 0
364 368 0
260 274 0
462 462 1
318 320 0
311 330 0
488 488 1
444 444 1
549 549 1
481 485 0
391 392 0
397 397 1
400 410 0
376 378 0
478 481 0
410 410 1
453 459 0
 
439 439 1
289 293 0
406 410 0
321 340 0
488 491 0
487 494 0
402 422 0
432 442 0
484 492 0
373 397 0
387 392 0
447 449 0
333 340 0
453 462 0
457 470 0
391 409 0
305 316 0
395 409 0
467 477 0
443 443 1
392 407 0
373 374 0
402 404 0
369 374 0
402 409 0

407 426 0
350 374 0
425 457 0
491 503 0
410 421 0
380 397 0
385 401 0
399 422 0
469 490 0
452 466 0
325 346 0
273 322 0
503 513 0
306 351 0
356 394 0
327 380 0
387 412 0
414 428 0
379 403 0
459 462 0
368 398 0
476 490 0
482 499 0
427 445 0
420 456 0
 
403 479 0
502 567 0
373 456 0
352 415 0
453 535 0
450 511 0
370 437 0
391 449 0
391 444 0
552 608 0
282 392 0
363 438 0
346 416 0
416 470 0
394 472 0
420 485 0
442 494 0
362 460 0
241 315 0
407 464 0
415 489 0
525 595 0
330 418 0
287 365 0
377 456 0

 
===
