1723 1723 1
1851 1851 1
1552 1552 1
2021 2021 1
837 837 1
879 879 1
1200 1200 1
1471 1471 1
1500 1500 1
1699 1699 1
775 775 1
946 946 1
1270 1270 1
1248 1248 1
791 791 1
3247 3247 1
1072 1072 1
1115 1115 1
1087 1087 1
1092 1092 1
856 856 1
1313 1313 1
1941 1941 1
1156 1156 1
1346 1346 1
 
1357 1357 1
2651 2651 1
681 681 1
1073 1073 1
1403 1403 1
1373 1373 1
1133 1133 1
1363 1363 1
1302 1302 1
1573 1573 1
836 836 1
1606 1606 1
1318 1318 1
1299 1299 1
1926 1926 1
1925 1925 1
1979 1979 1
2028 2028 1
1026 1026 1
979 979 1
961 961 1
2202 2202 1
1906 1906 1
1601 1601 1
2347 2347 1
 
1258 1258 1
1365 1365 1
956 956 1
947 947 1
1625 1625 1
2070 2070 1
903 903 1
1461 1461 1
1238 1238 1
915 915 1
1032 1032 1
1829 1829 1
923 923 1
2213 2213 1
2143 2143 1
1737 1737 1
1668 1668 1
2242 2242 1
1870 1870 1
1604 1604 1
989 989 1
1776 1776 1
1743 1743 1
822 822 1
913 913 1
 
2232 2232 1
1050 1050 1
1331 1331 1
1676 1676 1
1328 1328 1
1961 1961 1
1236 1236 1
2154 2154 1
1593 1593 1
1086 1086 1
1459 1459 1
1846 1846 1
1365 1365 1
1417 1417 1
890 890 1
1659 1659 1
1009 1009 1
2035 2035 1
1091 1091 1
1063 1063 1
1335 1335 1
2131 2131 1
978 978 1
1086 1086 1
934 934 1
 
2526 2526 1
2091 2091 1
1479 1479 1
1263 1263 1
916 916 1
1584 1584 1
1808 1808 1
1043 1043 1
1647 1647 1
1953 1953 1
1663 1663 1
1750 1750 1
2054 2054 1
1305 1305 1
2563 2563 1
2153 2153 1
1285 1285 1
2072 2072 1
2153 2153 1
1868 1868 1
926 926 1
2605 2605 1
1468 1468 1
2058 2058 1
1197 1197 1
 
1928 1928 1
1317 1317 1
1339 1339 1
2061 2061 1
1904 1904 1
1821 1821 1
1385 1385 1
1385 1385 1
2276 2276 1
2285 2285 1
1872 1872 1
1487 1487 1
2385 2385 1
1784 1784 1
1553 1553 1
1254 1254 1
1427 1427 1
1276 1276 1
1264 1264 1
1032 1032 1
1389 1389 1
1935 1935 1
1592 1592 1
1331 1331 1
2044 2044 1
 
1959 1959 1
2004 2004 1
1268 1268 1
1942 1942 1
1501 1501 1
1670 1670 1
2058 2058 1
2093 2093 1
1069 1069 1
1319 1319 1
2067 2067 1
1330 1330 1
1274 1274 1
1620 1620 1
1735 1735 1
2332 2332 1
1893 1893 1
2369 2369 1
2267 2267 1
1158 1158 1
2212 2212 1
1426 1426 1
2011 2011 1
1771 1771 1
2007 2007 1
 
2472 2472 1
3377 3377 1
1986 1986 1
1797 1797 1
1977 1977 1
2157 2157 1
2286 2286 1
1198 1198 1
1585 1585 1
1868 1868 1
1855 1855 1
1324 1324 1
1236 1236 1
2131 2131 1
1233 1233 1
1326 1326 1
3903 3903 1
2015 2015 1
2172 2172 1
1567 1567 1
2602 2602 1
2008 2008 1
1955 1955 1
2282 2282 1
2595 2595 1
 
1500 1500 1
1660 1660 1
2720 2720 1
1803 1803 1
3362 3362 1
2083 2083 1
1690 1690 1
2013 2013 1
1236 1236 1
2191 2191 1
1327 1327 1
2543 2543 1
1427 1427 1
1520 1520 1
1803 1803 1
1712 1712 1
1546 1546 1
2013 2013 1
2852 2852 1
1223 1223 1
1786 1786 1
2550 2550 1
1498 1498 1
1927 1927 1
1703 1703 1
 
2283 2283 1
3466 3466 1
2940 2940 1
1547 1547 1
2527 2527 1
2995 2995 1
2533 2533 1
2229 2229 1
2841 2841 1
2073 2073 1
2391 2391 1
1063 1063 1
2704 2704 1
1968 1968 1
2267 2267 1
3015 3015 1
2062 2062 1
1207 1207 1
1823 1823 1
2203 2203 1
2185 2185 1
3444 3444 1
1306 1306 1
1747 1747 1
1871 1871 1
 
2154 2154 1
1530 1530 1
4786 4786 1
2095 2096 0
2577 2577 1
2238 2238 1
2547 2547 1
2087 2087 1
2450 2450 1
1693 1693 1
2014 2014 1
1469 1469 1
1840 1840 1
2231 2231 1
1415 1415 1
1963 1963 1
1506 1506 1
1156 1156 1
2938 2938 1
2511 2511 1
1423 1423 1
2179 2179 1
1737 1737 1
1184 1184 1
2063 2063 1
 
1349 1349 1
1907 1907 1
1749 1749 1
2871 2871 1
1639 1639 1
2095 2095 1
2251 2251 1
2674 2674 1
2428 2428 1
2954 2955 0
1406 1406 1
1267 1267 1
2229 2229 1
2667 2667 1
2120 2120 1
2394 2394 1
2618 2618 1
2507 2507 1
3307 3307 1
2851 2851 1
2011 2011 1
2832 2832 1
2363 2363 1
3073 3073 1
1916 1916 1
 
2606 2606 1
2500 2500 1
2710 2710 1
1683 1683 1
1964 1964 1
2691 2691 1
2808 2808 1
2336 2336 1
2897 2897 1
2500 2500 1
2521 2522 0
1975 1975 1
1936 1936 1
2378 2378 1
1968 1968 1
1917 1917 1
1571 1571 1
2154 2155 0
3082 3082 1
1825 1825 1
2478 2478 1
2792 2792 1
2256 2256 1
2024 2025 0
3119 3119 1
 
1920 1920 1
1882 1882 1
2184 2184 1
3415 3415 1
2827 2828 0
2257 2258 0
2981 2981 1
3948 3948 1
2759 2760 0
1624 1626 0
2544 2544 1
2131 2131 1
2296 2296 1
2331 2331 1
2821 2821 1
2301 2301 1
1723 1724 0
2525 2525 1
2132 2132 1
2927 2927 1
3244 3245 0
2604 2604 1
3624 3624 1
2735 2736 0
1792 1793 0
 
3035 3035 1
2944 2944 1
2484 2485 0
3790 3790 1
1763 1763 1
2843 2847 0
1622 1625 0
2224 2226 0
1553 1553 1
2061 2061 1
2117 2118 0
3573 3573 1
3842 3842 1
2478 2478 1
2588 2588 1
3239 3239 1
3038 3038 1
2013 2014 0
3469 3469 1
2383 2384 0
4900 4903 0
1953 1953 1
2210 2212 0
1484 1486 0
1841 1843 0
 
2972 2974 0
2566 2566 1
2993 2995 0
4128 4128 1
1974 1979 0
1907 1907 1
2334 2334 1
2723 2726 0
2983 2983 1
2844 2844 1
1885 1896 0
2257 2257 1
3217 3219 0
3177 3177 1
2166 2166 1
2124 2134 0
2919 2924 0
2102 2106 0
2976 2976 1
2842 2852 0
2505 2506 0
2589 2589 1
2428 2436 0
2438 2443 0
1941 1950 0
 
3250 3268 0
2161 2187 0
2726 2758 0
2944 2946 0
3738 3771 0
2596 2627 0
3246 3247 0
2455 2465 0
2429 2432 0
2435 2449 0
1962 1986 0
3145 3151 0
2664 2672 0
2295 2300 0
3295 3304 0
1556 1595 0
2027 2053 0
2680 2683 0
2873 2887 0
3116 3134 0
2499 2503 0
2676 2677 0
3633 3636 0
1602 1603 0
2135 2140 0
 
2372 2417 0
2925 2938 0
3203 3239 0
2929 2951 0
2988 3064 0
2335 2354 0
2592 2609 0
2091 2102 0
2892 2912 0
2390 2416 0
3911 3932 0
2620 2666 0
2148 2165 0
1985 2018 0
2049 2054 0
3014 3018 0
3161 3170 0
2575 2602 0
2513 2557 0
2926 2934 0
3764 3872 0
1676 1739 0
2691 2742 0
2896 2905 0
3235 3240 0
 
3512 3546 0
2979 2986 0
2178 2189 0
3530 3601 0
1898 2021 0
1865 1971 0
2818 2860 0
3787 3846 0
2507 2566 0
3416 3453 0
2850 2902 0
2480 2498 0
2313 2367 0
3406 3496 0
2113 2199 0
2290 2344 0
3362 3384 0
2124 2216 0
3245 3262 0
2856 2868 0
3842 3876 0
3460 3540 0
5123 5169 0
2873 3043 0
2669 2683 0
 
1822 1899 0
2145 2232 0
2377 2692 0
2949 2997 0
3105 3265 0
1905 2039 0
2556 2675 0
2594 2651 0
2431 2608 0
2961 2991 0
2860 3023 0
2111 2207 0
2599 2727 0
3064 3149 0
2809 3130 0
2466 2581 0
2234 2433 0
3923 4038 0
2796 2853 0
2383 2465 0
3617 3779 0
2126 2223 0
3928 4083 0
3678 3739 0
3110 3137 0
 
2612 2825 0
2981 3079 0
2251 2508 0
2470 2658 0
2517 2751 0
2539 2772 0
2124 2322 0
5156 5722 0
3083 3479 0
2750 3119 0
2324 2418 0
3822 4020 0
4279 4451 0
4338 4666 0
2635 2835 0
3249 3508 0
2336 2500 0
2395 2606 0
2174 2471 0
2365 2600 0
3520 3794 0
3065 3426 0
2932 3331 0
2652 2906 0
2948 3297 0

658 5268 0
683 2987 0
895 4123 0
965 4204 0
427 3151 0
870 3236 0
636 2994 0
500 3056 0
748 3119 0
432 2100 0
870 3689 0
534 2326 0
528 2630 0
695 2542 0
397 2891 0
511 2669 0
724 3680 0
635 2840 0
1030 4301 0
644 3985 0
686 3143 0
1073 4480 0
825 4199 0
841 3805 0
905 4405 0
 
193 2291 0
387 3540 0
337 3629 0
148 2335 0
309 4169 0
173 2057 0
268 3252 0
198 2761 0
231 2579 0
369 4503 0
328 3788 0
170 4038 0
455 3874 0
268 4021 0
261 2803 0
207 2488 0
281 3743 0
195 2963 0
360 3949 0
296 2882 0
246 3276 0
280 3679 0
180 2303 0
294 3286 0
237 3030 0

===
