749 749 1
1617 1617 1
842 844 0
1701 1701 1
2562 2562 1
482 483 0
1395 1400 0
818 818 1
594 594 1
892 895 0
356 356 1
390 390 1
1286 1286 1
494 494 1
261 261 1
307 307 1
415 415 1
565 565 1
443 444 0
629 629 1
1015 1015 1
611 616 0
921 921 1
1394 1410 0
663 663 1
 
1693 1693 1
1512 1897 0
378 397 0
2140 2243 0
1910 1934 0
1337 1337 1
958 966 0
685 696 0
1207 1209 0
1793 1793 1
524 525 0
1718 1723 0
1156 1280 0
1278 1286 0
1472 1475 0
852 874 0
1536 1725 0
1631 1645 0
1982 2234 0
764 773 0
1117 1139 0
1362 1410 0
1682 1750 0
1235 1246 0
1479 1502 0
 
1537 1832 0
1341 1603 0
2419 2785 0
2178 2207 0
1108 1357 0
1447 2122 0
1886 2157 0
2842 2977 0
2342 2559 0
1037 1230 0
1240 1264 0
1343 1673 0
319 768 0
1689 2121 0
1871 2883 0
2187 2263 0
1990 2435 0
1811 2439 0
1632 1700 0
4163 4660 0
2699 2728 0
2064 2761 0
2051 2170 0
1980 2359 0
926 1653 0
 
2075 2670 0
2506 4308 0
2041 2898 0
1316 2064 0
3491 4509 0
1967 2225 0
2829 2829 1
1708 1708 1
3921 3921 1
4270 4270 1
2195 2195 1
2280 2280 1
5157 5157 1
2542 2542 1
2508 2508 1
3354 3354 1
3107 3107 1
3667 3667 1
2290 2290 1
2470 2470 1
3068 3068 1
3636 3636 1
2864 2864 1
2580 2580 1
3706 3706 1
 
1845 1845 1
2567 2567 1
3780 3780 1
2441 2441 1
2619 2619 1
1597 1597 1
2735 2735 1
2565 2565 1
1918 1918 1
1983 1983 1
2014 2014 1
3224 3224 1
4060 4060 1
2119 2119 1
1798 1798 1
1189 1189 1
3214 3214 1
3789 3789 1
3750 3750 1
4312 4312 1
2508 2508 1
2726 2726 1
4354 4354 1
2547 2547 1
1540 1540 1
 
===
