4589 4589 1
5263 5263 1
4204 4204 1
7374 7374 1
4983 4984 0
4327 4327 1
6339 6339 1
6044 6044 1
4845 4845 1
4283 4283 1
3766 3766 1
4369 4369 1
6886 6886 1
5749 5750 0
5337 5337 1
5522 5523 0
5037 5038 0
5238 5238 1
6331 6332 0
5264 5269 0
4035 4035 1
6271 6271 1
5035 5035 1
4696 4698 0
5150 5150 1
 
12883 12976 0
11273 11324 0
9142 9200 0
12856 12885 0
9221 9234 0
13239 13283 0
9751 9784 0
10550 10588 0
11540 11556 0
9374 9381 0
12306 12340 0
12651 12680 0
9087 9121 0
12319 12376 0
8967 9002 0
12678 12758 0
9624 9653 0
10680 10724 0
10990 11028 0
9967 9990 0
9671 9691 0
11868 11906 0
10368 10384 0
12805 12847 0
9071 9075 0
 
15026 15491 0
18763 19344 0
16326 16990 0
14327 14848 0
15241 15997 0
15176 15519 0
13714 13944 0
16073 16588 0
15492 16322 0
14692 14989 0
17373 18053 0
16603 17286 0
31639 32464 0
14948 15296 0
12925 13026 0
14164 14429 0
16207 16551 0
15754 16472 0
15328 15949 0
13080 13378 0
17912 18701 0
14157 14377 0
18585 19206 0
14356 14931 0
12474 12741 0
 
21137 24425 0
19525 22369 0
19260 23329 0
18277 21109 0
18690 21522 0
15806 19050 0
18085 21326 0
16283 19193 0
18682 22750 0
19004 21960 0
15829 17925 0
18867 25852 0
18868 23014 0
17798 21514 0
16378 19300 0
18483 21313 0
18081 21017 0
18677 21907 0
18606 21699 0
16970 21252 0
27217 32095 0
24055 28865 0
15819 18336 0
19123 21391 0
19184 21944 0
 
19477 23514 0
19935 23563 0
16658 21488 0
19982 23633 0
22032 27100 0
12982 19815 0
17831 20766 0
21362 26001 0
20317 24381 0
17493 22431 0
18420 21384 0
15145 20269 0
20140 23678 0
19236 25235 0
18444 20961 0
19206 22175 0
16979 21314 0
21967 26562 0
16004 18081 0
18039 22450 0
18546 22468 0
18832 23789 0
18969 22031 0
17931 21330 0
41039 48305 0
 
===
