580 582 0
295 295 1
844 848 0
376 376 1
386 386 1
493 493 1
382 382 1
324 326 0
411 414 0
508 508 1
437 437 1
308 308 1
706 707 0
357 357 1
407 407 1
385 385 1
845 846 0
918 928 0
481 481 1
372 372 1
384 386 0
264 264 1
766 769 0
661 661 1
689 738 0
 
630 943 0
776 829 0
1073 1138 0
689 760 0
672 860 0
1090 1166 0
1732 1986 0
1462 1554 0
1012 1039 0
410 418 0
497 525 0
938 1034 0
452 475 0
1299 1429 0
473 473 1
430 431 0
629 629 1
450 454 0
1003 1003 1
672 690 0
950 1084 0
584 706 0
1253 1315 0
1488 1577 0
712 743 0
 
1163 1992 0
1053 1318 0
836 1617 0
906 997 0
384 658 0
1212 1683 0
743 858 0
774 921 0
476 635 0
1031 1751 0
1294 1936 0
1007 1086 0
1389 1601 0
927 1216 0
1077 1307 0
244 647 0
984 1593 0
1252 1914 0
439 701 0
648 1482 0
767 1151 0
1063 2418 0
779 787 0
515 666 0
747 1006 0
 
637 1699 0
164 992 0
573 1667 0
368 1107 0
930 2084 0
691 1810 0
854 1304 0
351 1177 0
777 1641 0
774 1729 0
542 1313 0
404 929 0
528 1085 0
493 1284 0
446 1086 0
725 1512 0
721 2066 0
356 1113 0
458 1335 0
230 1868 0
152 1025 0
330 871 0
818 1761 0
810 2298 0
593 1269 0
 
1061 2532 0
817 2074 0
441 1492 0
409 1228 0
243 894 0
655 1588 0
489 1701 0
488 1056 0
634 1655 0
200 758 0
583 1662 0
650 1446 0
880 2004 0
691 1315 0
747 2459 0
684 1945 0
657 1289 0
632 1630 0
429 2156 0
292 1169 0
303 928 0
784 2103 0
246 1419 0
656 1577 0
416 1118 0
 
===
