693 693 1
2547 2553 0
1125 1125 1
770 770 1
983 983 1
516 516 1
1836 1836 1
1013 1013 1
1880 1884 0
1315 1315 1
2438 2447 0
1083 1083 1
2055 2056 0
876 876 1
1983 1983 1
1164 1164 1
1480 1480 1
1009 1009 1
716 716 1
869 869 1
1268 1268 1
797 797 1
1103 1103 1
1011 1011 1
1857 1858 0
 
1884 1910 0
2060 2060 1
2625 2652 0
2342 2392 0
2833 2856 0
1737 1737 1
2205 2245 0
2497 2543 0
3137 3164 0
2647 2684 0
1909 1912 0
2670 2764 0
3569 3607 0
2588 2596 0
2557 2563 0
2675 2700 0
2026 2040 0
2757 2786 0
3420 3475 0
2287 2303 0
1763 1763 1
1643 1643 1
1858 1858 1
2335 2380 0
2241 2250 0
 
2709 2756 0
2967 3071 0
4846 5478 0
1851 1885 0
2853 3012 0
3231 3344 0
3765 3801 0
4294 4747 0
2584 2691 0
3894 4048 0
3213 3291 0
2558 2587 0
2690 2716 0
3571 3777 0
3550 3643 0
2631 2646 0
3010 3378 0
2673 2702 0
2377 2762 0
4036 4110 0
2547 2813 0
3493 4012 0
2968 2996 0
2883 2940 0
2960 3079 0
 
3238 4361 0
2959 3840 0
2966 3541 0
2782 3410 0
3870 4816 0
3297 4522 0
4205 5862 0
3822 4760 0
2485 2994 0
2877 4102 0
3434 4695 0
3372 4258 0
2927 3808 0
3398 4602 0
2961 3437 0
3033 3841 0
3502 4971 0
3855 4925 0
4337 5221 0
3390 4181 0
4391 5679 0
3105 4138 0
3452 4102 0
3656 4771 0
3661 5128 0
 
3307 4072 0
3089 3910 0
2940 3543 0
3938 5357 0
2800 3330 0
3109 3700 0
2549 3289 0
3294 3812 0
4450 5940 0
3206 4102 0
3522 4873 0
3397 4497 0
3292 4367 0
2963 3920 0
2946 3682 0
3467 4499 0
3552 4480 0
3376 4728 0
4087 5877 0
3487 4635 0
2622 3263 0
3444 4472 0
3046 4055 0
3286 3995 0
3647 4671 0
 
===
