625 625 1
1093 1093 1
735 735 1
710 710 1
620 620 1
395 395 1
654 654 1
735 735 1
745 745 1
809 809 1
419 419 1
826 826 1
1101 1101 1
880 880 1
503 503 1
668 668 1
553 553 1
688 688 1
779 779 1
782 782 1
680 680 1
653 653 1
620 620 1
514 514 1
802 802 1
 
1050 1050 1
952 952 1
802 802 1
819 819 1
562 562 1
849 849 1
766 766 1
725 725 1
657 657 1
1108 1108 1
555 555 1
675 675 1
790 790 1
630 630 1
635 635 1
1057 1057 1
648 648 1
740 740 1
779 779 1
737 737 1
751 751 1
976 976 1
935 935 1
959 959 1
938 938 1
 
184 184 1
293 293 1
181 181 1
227 227 1
205 205 1
225 225 1
261 261 1
233 233 1
276 276 1
238 238 1
217 217 1
382 382 1
184 184 1
256 256 1
283 283 1
200 200 1
237 237 1
229 229 1
263 263 1
289 289 1
154 154 1
270 270 1
309 309 1
230 230 1
218 218 1
 
281 281 1
219 219 1
234 234 1
320 320 1
215 215 1
324 324 1
246 246 1
311 311 1
243 243 1
198 198 1
255 255 1
282 282 1
366 366 1
334 334 1
297 297 1
265 265 1
195 195 1
257 257 1
224 224 1
233 233 1
227 227 1
275 275 1
259 259 1
211 211 1
234 234 1
 
232 232 1
279 279 1
359 359 1
301 301 1
291 291 1
192 192 1
264 264 1
325 325 1
288 288 1
272 272 1
250 250 1
349 349 1
232 232 1
321 321 1
303 303 1
265 265 1
323 323 1
302 302 1
210 210 1
327 327 1
330 330 1
271 271 1
230 230 1
266 266 1
323 323 1
 
232 232 1
340 340 1
353 353 1
246 246 1
238 238 1
312 312 1
365 365 1
257 257 1
354 354 1
238 238 1
282 282 1
265 265 1
343 343 1
277 277 1
315 315 1
340 340 1
440 440 1
367 367 1
394 394 1
282 282 1
256 256 1
349 349 1
343 343 1
344 344 1
365 365 1
 
406 406 1
216 216 1
462 462 1
349 349 1
432 432 1
376 376 1
274 274 1
265 265 1
299 299 1
314 314 1
259 259 1
331 331 1
372 372 1
284 284 1
232 232 1
332 332 1
336 336 1
302 302 1
356 356 1
337 337 1
290 290 1
268 268 1
325 325 1
295 295 1
415 415 1
 
385 385 1
320 320 1
387 387 1
380 380 1
370 370 1
351 354 0
299 299 1
356 356 1
317 317 1
385 385 1
391 391 1
326 326 1
365 365 1
372 372 1
321 321 1
313 314 0
423 424 0
294 294 1
323 323 1
441 441 1
312 312 1
341 341 1
334 334 1
414 414 1
314 314 1
 
312 315 0
344 345 0
309 310 0
336 336 1
681 681 1
449 449 1
293 300 0
422 422 1
345 348 0
462 462 1
351 351 1
290 291 0
402 402 1
489 492 0
423 423 1
346 347 0
386 386 1
353 353 1
399 399 1
431 431 1
453 453 1
331 333 0
429 430 0
360 360 1
361 361 1
 
344 344 1
360 362 0
463 463 1
426 427 0
445 450 0
375 377 0
510 510 1
417 417 1
376 383 0
347 354 0
372 382 0
424 433 0
460 460 1
397 400 0
412 412 1
322 328 0
422 423 0
407 408 0
410 418 0
419 420 0
486 487 0
310 315 0
483 487 0
504 504 1
402 406 0
 
433 433 1
279 286 0
397 401 0
317 341 0
484 488 0
467 480 0
390 415 0
431 442 0
480 491 0
365 396 0
382 391 0
447 451 0
332 342 0
450 461 0
454 467 0
387 410 0
305 317 0
391 408 0
464 477 0
441 442 0
389 404 0
488 489 0
401 405 0
364 374 0
400 410 0
 
===
