3715 3715 1
2916 2916 1
3387 3387 1
3454 3454 1
1856 1856 1
2738 2738 1
2843 2843 1
3108 3108 1
5172 5172 1
4400 4400 1
3903 3903 1
4064 4064 1
3630 3630 1
3688 3688 1
2865 2865 1
3792 3792 1
3937 3937 1
4219 4219 1
2677 2677 1
3759 3759 1
3848 3848 1
3796 3796 1
2116 2116 1
2989 2989 1
4950 4950 1
 
3408 3408 1
2768 2768 1
3255 3255 1
5238 5238 1
4422 4422 1
3860 3860 1
2664 2664 1
3831 3831 1
3405 3405 1
3613 3613 1
3103 3103 1
3007 3007 1
3898 3898 1
3245 3245 1
4140 4140 1
3504 3504 1
3673 3673 1
3528 3528 1
3028 3028 1
3797 3797 1
3555 3555 1
3549 3549 1
3783 3783 1
5488 5488 1
4248 4248 1
 
4071 4071 1
3908 3908 1
3543 3543 1
5357 5357 1
3513 3513 1
4788 4788 1
3665 3665 1
3887 3887 1
6038 6038 1
4150 4150 1
4432 4432 1
4649 4649 1
4403 4403 1
4029 4029 1
3727 3727 1
4538 4538 1
4676 4676 1
4857 4857 1
6001 6001 1
4678 4678 1
3286 3286 1
4528 4528 1
4166 4166 1
4052 4052 1
4723 4723 1
 
4155 4155 1
5733 5733 1
4243 4243 1
3518 3518 1
7127 7127 1
4962 4962 1
3794 3794 1
4348 4348 1
7147 7147 1
4977 4977 1
6495 6495 1
5889 5889 1
5698 5698 1
4354 4354 1
4732 4732 1
4307 4307 1
4584 4584 1
3508 3508 1
5554 5554 1
4169 4169 1
4170 4170 1
5823 5823 1
5013 5013 1
4289 4289 1
5550 5550 1
 
6514 6514 1
4417 4417 1
6696 6696 1
5103 5103 1
4896 4896 1
4687 4687 1
5782 5782 1
5169 5169 1
6823 6823 1
5146 5146 1
5022 5022 1
5809 5809 1
3752 3752 1
4178 4178 1
4422 4422 1
5437 5437 1
4432 4432 1
5976 5976 1
5965 5965 1
4476 4476 1
6817 6817 1
5359 5359 1
6655 6655 1
6697 6697 1
7155 7155 1
 
6739 6739 1
5465 5465 1
7203 7203 1
5588 5588 1
6564 6564 1
6044 6044 1
6474 6474 1
4644 4644 1
5155 5155 1
7223 7223 1
6355 6355 1
5040 5040 1
8162 8162 1
5336 5336 1
5346 5346 1
6730 6730 1
6072 6072 1
4281 4281 1
6748 6748 1
7471 7471 1
5412 5412 1
7764 7764 1
6106 6106 1
5854 5854 1
5746 5746 1
 
7189 7189 1
6871 6871 1
4984 4984 1
5245 5245 1
6120 6120 1
6638 6638 1
6846 6846 1
6084 6084 1
5394 5394 1
7092 7092 1
14584 14584 1
6995 6995 1
6862 6862 1
8556 8556 1
7063 7063 1
5854 5854 1
7934 7934 1
7725 7725 1
6006 6006 1
6822 6822 1
7908 7908 1
7174 7174 1
7786 7786 1
6026 6026 1
5589 5589 1
 
7764 7764 1
6313 6313 1
8605 8605 1
7966 7966 1
7965 7965 1
6730 6730 1
6286 6286 1
9165 9165 1
7217 7217 1
8550 8550 1
9619 9619 1
5947 5947 1
6085 6085 1
6621 6621 1
5736 5736 1
8577 8577 1
4992 4992 1
6261 6261 1
7567 7567 1
5481 5481 1
8265 8265 1
5716 5716 1
7748 7748 1
7091 7091 1
6103 6103 1
 
9549 9549 1
8882 8882 1
8901 8901 1
7753 7753 1
7559 7559 1
6297 6297 1
8508 8508 1
7882 7882 1
6145 6145 1
8284 8284 1
8472 8472 1
5043 5043 1
8838 8838 1
8718 8718 1
8400 8400 1
10546 10546 1
8340 8340 1
10314 10314 1
7709 7709 1
8106 8106 1
8887 8887 1
6189 6189 1
8476 8476 1
8877 8877 1
5364 5364 1
 
7868 7868 1
8608 8608 1
6374 6374 1
7161 7161 1
8549 8549 1
8150 8150 1
8393 8393 1
9221 9221 1
6872 6872 1
8913 8913 1
6604 6604 1
10033 10033 1
10166 10166 1
6451 6451 1
8012 8012 1
6536 6536 1
10428 10428 1
7937 7937 1
8695 8695 1
7785 7785 1
8235 8235 1
7792 7792 1
11479 11479 1
6751 6751 1
9761 9761 1
 
9806 9806 1
7804 7804 1
10609 10609 1
6575 6575 1
8903 8903 1
10461 10461 1
8823 8823 1
8175 8175 1
9171 9171 1
7779 7779 1
7489 7489 1
8634 8634 1
10025 10025 1
11031 11031 1
7508 7508 1
9496 9496 1
11774 11774 1
6728 6728 1
8512 8512 1
10495 10496 0
9017 9017 1
8577 8577 1
9833 9833 1
8750 8750 1
8901 8901 1
 
===
