1723 1723 1
1852 1852 1
1552 1552 1
2025 2025 1
837 837 1
879 879 1
1201 1201 1
1470 1470 1
1500 1500 1
1696 1696 1
773 773 1
947 947 1
1270 1270 1
1249 1249 1
791 791 1
3247 3247 1
1067 1067 1
1115 1115 1
1087 1087 1
1092 1092 1
856 856 1
1314 1314 1
1942 1942 1
1156 1156 1
1347 1347 1
 
1258 1258 1
1366 1366 1
955 955 1
948 948 1
1625 1625 1
2070 2070 1
903 903 1
1461 1461 1
1238 1238 1
915 915 1
1032 1032 1
1828 1828 1
922 922 1
2210 2210 1
2142 2142 1
1737 1737 1
1666 1666 1
2242 2242 1
1870 1870 1
1604 1604 1
989 989 1
1776 1776 1
1748 1748 1
822 822 1
906 906 1
 
2526 2526 1
2093 2093 1
1479 1479 1
1263 1263 1
915 915 1
1582 1582 1
1807 1807 1
1043 1043 1
1646 1646 1
1953 1953 1
1663 1663 1
1750 1750 1
2055 2055 1
1305 1305 1
2563 2563 1
2155 2155 1
1285 1285 1
2072 2072 1
2153 2153 1
1868 1868 1
928 928 1
2606 2606 1
1467 1467 1
2059 2059 1
1196 1196 1
 
1921 1921 1
2000 2000 1
1264 1264 1
1933 1933 1
1498 1498 1
1669 1669 1
2052 2052 1
2089 2089 1
1066 1066 1
1315 1315 1
2063 2063 1
1317 1317 1
1270 1270 1
1613 1613 1
1731 1731 1
2320 2320 1
1888 1888 1
2361 2361 1
2247 2247 1
1154 1154 1
2013 2013 1
1421 1421 1
2008 2008 1
1766 1766 1
2000 2000 1
 
1492 1492 1
1655 1655 1
2706 2706 1
1785 1785 1
3339 3339 1
2077 2077 1
1689 1689 1
2013 2013 1
1236 1236 1
2191 2191 1
1327 1327 1
2540 2540 1
1423 1423 1
1520 1520 1
1802 1802 1
1712 1712 1
1548 1548 1
2014 2014 1
2851 2851 1
1218 1218 1
1785 1785 1
2550 2550 1
1495 1495 1
1927 1927 1
1703 1703 1
 
2154 2154 1
1532 1532 1
4786 4786 1
2099 2100 0
2576 2576 1
2238 2238 1
2548 2548 1
2087 2087 1
2453 2453 1
1696 1696 1
2014 2014 1
1468 1468 1
1842 1842 1
2242 2242 1
1415 1415 1
1963 1963 1
1506 1506 1
1156 1156 1
2940 2940 1
2807 2807 1
1536 1536 1
2316 2316 1
1805 1805 1
1191 1191 1
2073 2073 1
 
2627 2627 1
2525 2525 1
2735 2735 1
1693 1693 1
1976 1976 1
2792 2792 1
2812 2812 1
2352 2352 1
2915 2915 1
2555 2555 1
2548 2550 0
1987 1987 1
1940 1940 1
2384 2384 1
2249 2249 1
1927 1927 1
1572 1572 1
2162 2163 0
3095 3095 1
1834 1834 1
2490 2490 1
2825 2825 1
2263 2263 1
2037 2038 0
3128 3128 1
 
3047 3047 1
2953 2953 1
2484 2486 0
3811 3811 1
1776 1776 1
2863 2868 0
1625 1630 0
2231 2234 0
1586 1586 1
2078 2078 1
1762 1763 0
3131 3131 1
3666 3667 0
2367 2367 1
2434 2434 1
3238 3238 1
3030 3031 0
2039 2041 0
3526 3526 1
2375 2378 0
4869 4873 0
1954 1954 1
2211 2213 0
1466 1468 0
1848 1850 0
 
3246 3269 0
2162 2198 0
2711 2762 0
2942 2946 0
3792 3835 0
2565 2617 0
3239 3240 0
2430 2442 0
2415 2423 0
2414 2434 0
1938 1974 0
3118 3125 0
2625 2636 0
2282 2290 0
3264 3279 0
1543 1589 0
2007 2040 0
2668 2671 0
2867 2884 0
3110 3133 0
2498 2502 0
2673 2675 0
3634 3637 0
1602 1603 0
2134 2140 0
 
3542 3599 0
2975 2986 0
2174 2190 0
3487 3584 0
1859 2022 0
1846 1971 0
2800 2860 0
3753 3848 0
2487 2565 0
3403 3450 0
2836 2903 0
2469 2499 0
2287 2367 0
3385 3494 0
2083 2198 0
2277 2349 0
3357 3390 0
2115 2228 0
3236 3263 0
2867 2889 0
3814 3871 0
3426 3541 0
5081 5168 0
2813 3043 0
2703 2728 0
 
2421 2825 0
2854 3081 0
2121 2505 0
2350 2658 0
2334 2751 0
2373 2773 0
1966 2323 0
4781 5733 0
2883 3477 0
2556 3120 0
2253 2419 0
3710 4022 0
4096 4449 0
4172 4670 0
2463 2833 0
3064 3511 0
2230 2499 0
2262 2610 0
2041 2469 0
2296 2601 0
3297 3796 0
2936 3429 0
2770 3330 0
2500 2906 0
2781 3295 0
 
===
