15473 15473 1
20719 20719 1
16063 16063 1
17486 17486 1
21617 21617 1
17298 17298 1
22889 22889 1
19687 19687 1
19005 19005 1
15870 15870 1
17786 17786 1
16100 16100 1
16911 16911 1
14921 14921 1
15296 15296 1
18438 18438 1
16921 16921 1
16119 16119 1
16288 16288 1
16681 16681 1
18001 18001 1
16781 16781 1
16427 16427 1
19277 19277 1
18921 18921 1
 
15721 15721 1
18454 18454 1
15895 15895 1
19939 19939 1
16487 16487 1
17002 17002 1
20972 20972 1
21054 21054 1
17681 17681 1
17541 17541 1
18661 18661 1
16743 16743 1
19064 19064 1
24746 24746 1
23808 23808 1
24270 24270 1
17690 17690 1
21464 21464 1
22290 22290 1
22631 22631 1
20512 20512 1
21812 21812 1
19878 19878 1
18409 18409 1
20323 20323 1
 
22134 22134 1
22579 22579 1
20477 20477 1
21686 21686 1
27018 27018 1
19877 19877 1
20681 20681 1
25863 25863 1
23672 23672 1
22352 22352 1
21313 21313 1
20304 20304 1
23712 23712 1
25275 25275 1
20890 20890 1
21665 21665 1
21240 21240 1
29118 29118 1
20324 20324 1
24385 24385 1
23797 23797 1
25229 25229 1
23517 23517 1
22611 22611 1
26448 26448 1
 
23594 23594 1
21431 21431 1
23589 23589 1
25599 25599 1
21193 21193 1
25232 25232 1
22827 22827 1
23731 23731 1
23545 23545 1
22227 22227 1
28448 28448 1
23846 23846 1
22298 22298 1
24967 24967 1
27236 27236 1
25129 25129 1
24312 24312 1
22890 22890 1
25768 25768 1
40007 40007 1
25912 25912 1
29784 29784 1
30302 30302 1
23476 23476 1
26713 26713 1
 
28068 28068 1
24128 24128 1
25355 25355 1
31008 31008 1
24753 24753 1
28031 28031 1
27278 27278 1
22996 22996 1
33701 33701 1
32289 32289 1
28732 28732 1
23958 23958 1
29362 29362 1
26612 26612 1
29093 29093 1
26108 26108 1
28016 28016 1
27753 27753 1
43453 43453 1
32978 32978 1
29988 29988 1
29278 29278 1
30209 30209 1
31626 31626 1
30327 30327 1
 
29741 29741 1
30318 30318 1
30926 30926 1
32622 32622 1
28634 28634 1
29241 29241 1
27898 27898 1
30147 30147 1
30084 30084 1
33874 33874 1
31720 31720 1
27424 27424 1
32295 32295 1
26267 26267 1
28041 28041 1
28008 28008 1
32016 32016 1
28503 28503 1
34902 34902 1
30588 30588 1
29015 29015 1
31736 31736 1
32584 32584 1
27360 27360 1
33741 33741 1
 
31562 31562 1
31097 31097 1
32794 32794 1
28185 28185 1
35928 35928 1
32827 32827 1
32504 32504 1
36186 36186 1
32644 32644 1
33830 33830 1
37127 37127 1
50624 50624 1
35566 35566 1
34131 34131 1
37824 37824 1
38810 38810 1
36587 36587 1
35498 35498 1
33145 33145 1
29918 29918 1
36077 36077 1
27067 27067 1
32008 32008 1
38886 38886 1
32438 32438 1
 
29518 29518 1
36494 36494 1
37366 37366 1
30092 30092 1
34871 34871 1
44309 44309 1
42727 42727 1
35240 35240 1
35719 35719 1
37665 37665 1
34994 34994 1
41020 41020 1
36323 36323 1
34028 34028 1
34407 34407 1
37551 37551 1
36563 36563 1
34074 34074 1
39982 39982 1
35126 35126 1
32031 32031 1
37785 37785 1
31846 31846 1
29378 29378 1
63728 63728 1
 
47246 47246 1
44093 44093 1
37215 37215 1
39970 39970 1
40138 40138 1
38947 38947 1
39247 39247 1
35225 35225 1
35735 35735 1
37928 37928 1
38095 38095 1
40124 40124 1
40229 40229 1
37986 37986 1
36418 36418 1
34731 34731 1
51083 51083 1
44769 44769 1
39894 39894 1
50582 50582 1
41463 41463 1
42314 42314 1
40088 40088 1
41518 41518 1
38720 38720 1
 
43925 43925 1
36346 36346 1
48339 48339 1
45291 45291 1
40557 40557 1
35045 35045 1
43028 43028 1
42036 42036 1
56077 56077 1
46314 46314 1
53488 53488 1
47666 47666 1
40534 40534 1
40655 40655 1
39919 39919 1
40769 40769 1
43402 43402 1
38002 38002 1
42336 42336 1
39092 39092 1
38303 38303 1
39485 39485 1
39866 39866 1
45865 45865 1
108937 108937 1
 
43295 43295 1
38016 38016 1
36729 36729 1
36988 36988 1
36050 36050 1
35417 35417 1
33556 33556 1
33575 33575 1
33450 33450 1
34862 34862 1
34154 34154 1
33658 33658 1
33421 33421 1
33597 33597 1
33739 33739 1
41070 41070 1
37597 37597 1
42486 42486 1
40114 40114 1
36307 36307 1
33618 33618 1
33593 33593 1
33392 33392 1
34287 34287 1
33576 33576 1
 
===
