636 720 0
1480 1556 0
1441 1499 0
1874 1874 1
2610 2610 1
708 708 1
1234 1444 0
1222 1273 0
671 671 1
1553 1675 0
466 590 0
115 287 0
1285 1285 1
497 497 1
131 229 0
190 239 0
399 459 0
564 564 1
181 234 0
399 528 0
1029 1029 1
249 356 0
904 1004 0
1168 1358 0
614 715 0
 
1650 1751 0
1184 1231 0
11 471 0
2379 2444 0
1698 2004 0
845 1305 0
653 786 0
370 545 0
1311 1477 0
1930 2039 0
125 439 0
1778 1858 0
820 877 0
1227 1274 0
1629 1730 0
415 603 0
1095 1198 0
1574 1855 0
1444 1546 0
411 515 0
719 886 0
1303 1357 0
451 991 0
712 874 0
1085 1305 0
 
542 1235 0
266 901 0
482 1075 0
310 1036 0
60 509 0
325 865 0
59 642 0
789 1567 0
711 1364 0
390 863 0
314 727 0
445 811 0
9 294 0
90 520 0
216 725 0
326 868 0
208 827 0
183 716 0
308 783 0
640 1287 0
578 1287 0
386 1038 0
412 948 0
31 701 0
24 486 0
 
170 640 0
531 1263 0
407 936 0
185 668 0
325 1124 0
361 912 0
685 1042 0
345 784 0
231 1171 0
280 877 0
301 696 0
292 649 0
1169 1646 0
253 657 0
90 521 0
279 884 0
875 1396 0
595 1137 0
331 841 0
495 890 0
648 1088 0
218 922 0
382 815 0
191 625 0
613 1203 0
 
206 618 0
527 1022 0
171 810 0
246 712 0
320 866 0
246 831 0
113 744 0
707 1159 0
106 612 0
144 518 0
340 724 0
606 1142 0
408 942 0
66 495 0
330 789 0
103 413 0
369 1305 0
540 1236 0
698 1161 0
155 506 0
204 920 0
432 996 0
680 1173 0
199 544 0
121 711 0
 
===
