106 206 0
147 264 0
222 285 0
158 214 0
232 332 0
222 290 0
212 382 0
121 176 0
128 185 0
237 301 0
262 346 0
193 262 0
594 707 0
124 182 0
156 233 0
209 302 0
719 764 0
671 719 0
375 471 0
255 310 0
197 243 0
163 264 0
213 281 0
531 587 0
112 165 0
 
6 349 0
8 292 0
203 579 0
329 424 0
377 486 0
332 458 0
203 439 0
137 517 0
117 472 0
7 240 0
192 294 0
6 259 0
127 229 0
1136 1429 0
6 256 0
6 285 0
117 436 0
6 246 0
509 856 0
6 256 0
7 246 0
154 251 0
12 361 0
11 284 0
7 267 0
 
134 458 0
14 635 0
128 576 0
61 790 0
8 256 0
12 556 0
216 573 0
156 457 0
170 444 0
184 470 0
235 591 0
60 684 0
1011 1317 0
178 476 0
20 692 0
247 382 0
123 464 0
782 1091 0
114 412 0
173 512 0
162 651 0
125 499 0
123 679 0
223 518 0
198 622 0
 
20 637 0
11 296 0
349 711 0
133 535 0
1339 1588 0
384 795 0
472 1129 0
176 547 0
631 1224 0
379 955 0
15 683 0
201 546 0
14 601 0
13 614 0
19 637 0
465 907 0
448 732 0
139 511 0
16 559 0
16 352 0
12 304 0
120 432 0
192 761 0
554 840 0
489 934 0
 
486 1492 0
168 1050 0
147 762 0
223 553 0
13 461 0
118 780 0
295 734 0
257 780 0
421 948 0
114 376 0
925 1301 0
375 949 0
178 967 0
157 970 0
1019 1464 0
307 802 0
234 1030 0
121 671 0
13 518 0
187 473 0
12 467 0
205 1054 0
21 505 0
842 1203 0
151 669 0
 
===
106 210 0
150 388 0
222 285 0
159 216 0
463 567 0
223 293 0
210 382 0
121 177 0
128 186 0
237 303 0
261 348 0
193 263 0
593 707 0
124 183 0
156 235 0
209 305 0
719 764 0
673 722 0
376 476 0
510 567 0
393 439 0
163 264 0
213 282 0
1061 1118 0
113 166 0
 
8 369 0
8 296 0
463 583 0
655 750 0
378 488 0
332 461 0
212 506 0
202 602 0
121 489 0
10 242 0
196 346 0
11 331 0
127 231 0
1137 1430 0
6 263 0
10 372 0
120 452 0
6 252 0
511 861 0
9 325 0
9 256 0
154 253 0
18 510 0
10 296 0
7 275 0
 
19 335 0
17 415 0
21 378 0
14 417 0
8 261 0
13 320 0
13 311 0
13 323 0
15 392 0
15 322 0
14 314 0
20 450 0
35 393 0
13 394 0
19 433 0
247 384 0
14 319 0
800 1143 0
118 516 0
16 399 0
13 465 0
14 321 0
13 367 0
18 394 0
13 323 0
 
22 411 0
15 263 0
20 310 0
14 302 0
445 681 0
17 340 0
486 919 0
14 302 0
308 882 0
177 564 0
14 338 0
14 305 0
17 365 0
17 306 0
14 338 0
21 420 0
22 339 0
15 259 0
14 341 0
25 405 0
13 216 0
119 365 0
23 396 0
26 349 0
484 773 0
 
167 920 0
165 501 0
17 287 0
14 243 0
16 244 0
25 552 0
22 431 0
165 783 0
20 364 0
14 258 0
21 395 0
21 384 0
27 458 0
22 407 0
31 302 0
18 292 0
26 387 0
21 249 0
18 323 0
187 421 0
17 449 0
201 556 0
16 248 0
862 1155 0
14 281 0
 
===
