690 690 1
2543 2543 1
1124 1124 1
770 770 1
979 979 1
515 515 1
1833 1833 1
1008 1008 1
1884 1884 1
1311 1311 1
2448 2448 1
1083 1083 1
2076 2076 1
900 900 1
1988 1988 1
1167 1167 1
1484 1484 1
1005 1005 1
718 718 1
868 868 1
1267 1267 1
791 791 1
1105 1105 1
1012 1012 1
1853 1853 1
 
1938 1938 1
2062 2062 1
2646 2646 1
2382 2382 1
2855 2856 0
1753 1753 1
2231 2231 1
2530 2530 1
3155 3155 1
2671 2671 1
1909 1909 1
2765 2765 1
3600 3600 1
2596 2596 1
2558 2558 1
2696 2696 1
2039 2044 0
2792 2792 1
3478 3478 1
2300 2302 0
1761 1761 1
1648 1648 1
1852 1852 1
2383 2383 1
2242 2242 1
 
2746 2746 1
3075 3075 1
5482 5482 1
1890 1890 1
3003 3003 1
3343 3343 1
3801 3801 1
4742 4742 1
2682 2682 1
4040 4040 1
3297 3297 1
2582 2582 1
2722 2722 1
3795 3795 1
3636 3636 1
2642 2642 1
3400 3400 1
2700 2700 1
2759 2759 1
4110 4110 1
2816 2816 1
4011 4011 1
2999 2999 1
2940 2940 1
3076 3076 1
 
4343 4361 0
3591 3861 0
3330 3538 0
3365 3424 0
4752 4815 0
4429 4523 0
5765 5857 0
4714 4759 0
2892 2992 0
4048 4103 0
4665 4698 0
4254 4259 0
3744 3803 0
4505 4605 0
3423 3431 0
3725 3839 0
4298 4354 0
4795 4923 0
5150 5217 0
4137 4182 0
5629 5701 0
3935 4154 0
3996 4095 0
4655 4769 0
5102 5125 0
 
425 3661 0
379 3737 0
313 3549 0
489 4440 0
291 3327 0
367 3560 0
282 3115 0
346 3807 0
489 5146 0
354 4064 0
316 4109 0
422 4410 0
442 3863 0
335 3759 0
369 3611 0
391 4285 0
452 4052 0
384 4126 0
464 5019 0
365 4118 0
265 3186 0
344 4309 0
423 3607 0
455 3789 0
434 4485 0
 
===
791 791 1
2722 2722 1
1186 1186 1
816 816 1
1060 1060 1
553 553 1
1834 1834 1
1011 1011 1
1887 1887 1
1399 1399 1
2521 2521 1
1087 1087 1
2161 2161 1
897 897 1
2055 2055 1
1251 1251 1
1509 1509 1
1084 1084 1
783 783 1
869 869 1
1293 1293 1
809 809 1
1186 1186 1
1044 1044 1
1869 1869 1
 
2446 2453 0
2320 2385 0
2856 2898 0
2505 2530 0
3101 3130 0
1882 1883 0
2510 2521 0
3182 3182 1
3210 3231 0
3181 3250 0
2212 2308 0
2796 2811 0
3892 3892 1
2800 2846 0
2580 2581 0
3286 3304 0
2052 2120 0
2876 2878 0
3469 3532 0
2660 2660 1
2063 2065 0
1846 1868 0
1969 1980 0
2724 2724 1
2439 2488 0
 
465 1247 0
745 1464 0
948 1849 0
218 810 0
508 1167 0
305 1019 0
807 1704 0
474 1315 0
402 1363 0
702 1606 0
769 1552 0
358 1083 0
389 1168 0
677 1511 0
836 1621 0
209 986 0
345 1118 0
750 1468 0
282 940 0
973 1739 0
753 1347 0
754 1456 0
658 1433 0
615 1269 0
594 1308 0
 
623 1257 0
698 1327 0
491 1147 0
326 919 0
587 1293 0
660 1292 0
877 1537 0
460 1175 0
477 1118 0
889 1520 0
852 1482 0
426 1141 0
560 1200 0
920 1574 0
581 1294 0
716 1364 0
840 1486 0
897 1593 0
457 1277 0
803 1558 0
457 1233 0
409 1002 0
500 1281 0
963 1700 0
1177 1804 0
 
128 1324 0
123 1301 0
107 1138 0
177 1675 0
91 1060 0
93 1251 0
72 926 0
109 1268 0
148 1665 0
110 1237 0
127 1372 0
134 1183 0
115 1083 0
122 1270 0
86 1065 0
144 1497 0
136 1230 0
131 1257 0
153 1638 0
95 1234 0
66 892 0
126 1344 0
143 1387 0
119 1112 0
141 1422 0
 
===
