4566 4566 1
5662 5662 1
4186 4186 1
7414 7414 1
4942 4942 1
4346 4346 1
6021 6021 1
6010 6010 1
4797 4797 1
4247 4247 1
3748 3748 1
4349 4349 1
6639 6639 1
5751 5751 1
5330 5330 1
5508 5508 1
5041 5041 1
5217 5217 1
6371 6371 1
5257 5257 1
4020 4020 1
6158 6158 1
5040 5040 1
4667 4667 1
5142 5142 1
 
12931 12931 1
11318 11318 1
9202 9202 1
13056 13056 1
9208 9208 1
13253 13253 1
9780 9780 1
10556 10556 1
11529 11529 1
9370 9370 1
12317 12317 1
12716 12716 1
9140 9140 1
12487 12487 1
9015 9015 1
12747 12747 1
9659 9659 1
10711 10711 1
11018 11018 1
9984 9984 1
9693 9693 1
11904 11904 1
10475 10475 1
12841 12841 1
9056 9056 1
 
15480 15480 1
19355 19355 1
16963 16963 1
14885 14885 1
16005 16005 1
15514 15514 1
13942 13942 1
16593 16593 1
16362 16362 1
14988 14988 1
18078 18078 1
17277 17277 1
30493 30493 1
16103 16103 1
13244 13244 1
14584 14584 1
16105 16105 1
16348 16348 1
15859 15859 1
13282 13282 1
20247 20247 1
14272 14272 1
19183 19183 1
14869 14869 1
12713 12713 1
 
24427 24427 1
22288 22294 0
23290 23291 0
21098 21098 1
21548 21548 1
19160 19160 1
21301 21301 1
19173 19173 1
22748 22753 0
21965 21965 1
17914 17914 1
25843 25848 0
23037 23037 1
21522 21522 1
19311 19311 1
21317 21317 1
21020 21021 0
21884 21884 1
21679 21679 1
21271 21271 1
36540 36540 1
30143 30143 1
18331 18331 1
21568 21568 1
22205 22205 1
 
2558 21050 0
2432 21069 0
2413 19506 0
2563 20980 0
2538 22998 0
2118 17886 0
2305 19128 0
2546 22232 0
2590 21215 0
2163 19501 0
2232 20322 0
2190 18063 0
2597 21558 0
2510 22137 0
2389 19552 0
2538 20764 0
2078 19382 0
2569 22189 0
2129 17350 0
2312 20783 0
2284 20215 0
2350 21344 0
2299 21508 0
2285 18350 0
5302 40110 0
 
===
4878 4878 1
5852 5852 1
4420 4420 1
7665 7665 1
5426 5426 1
4602 4602 1
6359 6359 1
6380 6380 1
4837 4837 1
4556 4556 1
4060 4060 1
4509 4509 1
7111 7111 1
6159 6159 1
5587 5587 1
6163 6163 1
5253 5253 1
5400 5400 1
6938 6938 1
5610 5610 1
4188 4188 1
6350 6350 1
5385 5385 1
4785 4785 1
5542 5542 1
 
14095 14095 1
12455 12455 1
10242 10242 1
13954 13954 1
10113 10113 1
14545 14545 1
10554 10554 1
11528 11528 1
13160 13160 1
10498 10498 1
13664 13664 1
13950 13950 1
10313 10313 1
13837 13837 1
10064 10064 1
14037 14037 1
10704 10704 1
12082 12082 1
12357 12357 1
10903 10903 1
13264 13264 1
13237 13237 1
11401 11401 1
14767 14767 1
9843 9843 1
 
2335 5896 0
3250 7031 0
2979 6477 0
2139 5391 0
1991 5297 0
2264 5638 0
1885 5304 0
2896 6793 0
2087 5219 0
2478 5607 0
2457 6056 0
2075 5856 0
3466 8443 0
2521 6914 0
1873 5565 0
2255 5941 0
2410 6374 0
2962 6441 0
2516 6702 0
1970 5751 0
2241 6145 0
2287 6161 0
3574 7689 0
2392 5836 0
1727 5060 0
 
2939 6289 0
3144 6369 0
4040 6994 0
3471 6815 0
3193 6578 0
3209 6230 0
3289 6545 0
2927 5971 0
3332 6505 0
2968 6215 0
2163 5289 0
3805 7216 0
3395 6685 0
3108 6279 0
3506 6471 0
3066 6393 0
2488 5711 0
2284 5437 0
3358 6701 0
2980 6266 0
3725 8639 0
4591 8350 0
1837 5017 0
3886 7644 0
4279 7872 0
 
788 7485 0
704 6764 0
719 7241 0
878 8356 0
766 7389 0
647 6048 0
667 6375 0
634 5965 0
970 8101 0
542 5759 0
618 5857 0
600 5924 0
746 7216 0
665 6639 0
681 5939 0
656 6318 0
537 5780 0
872 8027 0
628 6239 0
613 6503 0
593 5293 0
701 7475 0
712 6936 0
542 5141 0
1287 12149 0
 
===
