16530 16530 1
17390 17390 1
15895 15895 1
19268 19268 1
21475 21475 1
17130 17130 1
22380 22380 1
21461 21461 1
18681 18688 0
15071 15071 1
16714 16714 1
15435 15435 1
16542 16542 1
14962 14962 1
15283 15283 1
18406 18406 1
16911 16911 1
16054 16054 1
16325 16325 1
16671 16691 0
18098 18098 1
16786 16786 1
16384 16384 1
19335 19335 1
18953 18957 0
 
24607 24615 0
18063 18063 1
18336 18340 0
14701 14701 1
17623 17624 0
15203 15204 0
19373 19373 1
16152 16152 1
16079 16079 1
21497 21498 0
26288 26288 1
22729 22729 1
20389 20389 1
20978 20978 1
18371 18371 1
24746 24747 0
18782 18788 0
19533 19533 1
21852 21852 1
23035 23035 1
17716 17716 1
18460 18460 1
18755 18755 1
18952 18952 1
18180 18180 1
 
15681 15681 1
18453 18453 1
15982 15982 1
19930 19931 0
16387 16387 1
16928 16928 1
20980 20991 0
21084 21094 0
17583 17583 1
17550 17563 0
18691 18691 1
16527 16527 1
19381 19381 1
16999 16999 1
21888 21888 1
21016 21016 1
17042 17042 1
20315 20315 1
21331 21331 1
48926 48926 1
21158 21173 0
22658 22663 0
21419 21433 0
19125 19125 1
21169 21172 0
 
19618 19618 1
22340 22340 1
17869 17869 1
21862 21862 1
16113 16116 0
22907 22907 1
19290 19301 0
19833 19833 1
20821 20821 1
19584 19591 0
21374 21374 1
22342 22342 1
23334 23360 0
21224 21233 0
22226 22232 0
20448 20449 0
17883 17891 0
17483 17494 0
20715 20715 1
23177 23182 0
19063 19063 1
23240 23240 1
22358 22358 1
17241 17241 1
19785 19785 1
 
32266 32266 1
25135 25135 1
22455 22455 1
24883 24912 0
28382 28382 1
20981 21023 0
21785 21785 1
27310 27313 0
25087 25093 0
22448 22449 0
21339 21342 0
20404 20405 0
23639 23639 1
25346 25382 0
21023 21023 1
21649 21652 0
21356 21365 0
26640 26653 0
18000 18000 1
22353 22369 0
22432 22450 0
23785 23797 0
21942 21957 0
21389 21426 0
24440 24461 0
 
19360 19363 0
19971 19971 1
22445 22447 0
21316 21316 1
33832 33832 1
28111 28122 0
27843 27844 0
27681 27713 0
23752 23752 1
30382 30382 1
21353 21353 1
26490 26490 1
23042 23042 1
25961 25961 1
24735 24735 1
20992 20992 1
20044 20044 1
21651 21651 1
21474 21474 1
27991 27991 1
24801 24801 1
19857 19860 0
21412 21414 0
25472 25472 1
25435 25435 1
 
21909 21909 1
21327 21327 1
23372 23372 1
25588 25593 0
21160 21160 1
25264 25299 0
41848 41848 1
25752 25752 1
25730 25730 1
24931 24942 0
30201 30201 1
25570 25577 0
23625 23625 1
26780 26780 1
27381 27439 0
25211 25211 1
24328 24328 1
22909 22928 0
25737 25737 1
21690 21690 1
22537 22544 0
27480 27506 0
23861 23869 0
20789 20795 0
24077 24077 1
 
27839 27839 1
26720 26725 0
27687 27687 1
23477 23481 0
27114 27117 0
27407 27440 0
22573 22604 0
51235 51258 0
24893 24894 0
25613 25613 1
25722 25722 1
29639 29666 0
28699 28699 1
27706 27707 0
23962 23962 1
30164 30171 0
27883 27911 0
19303 19303 1
27204 27211 0
32542 32553 0
23138 23138 1
26014 26014 1
22988 22991 0
23963 23963 1
23061 23061 1
 
26154 26154 1
22483 22483 1
25259 25262 0
30480 30480 1
24835 24835 1
28186 28194 0
27057 27060 0
25580 25604 0
36505 36515 0
39456 39456 1
30900 30915 0
25027 25027 1
31240 31244 0
28243 28264 0
29224 29238 0
26141 26143 0
28138 28138 1
27633 27660 0
26124 26124 1
28120 28120 1
24709 24709 1
26415 26415 1
27870 27888 0
29553 29560 0
28177 28199 0
 
32327 32327 1
30486 30486 1
28082 28082 1
27525 27528 0
27332 27332 1
36969 36969 1
37229 37229 1
30248 30291 0
26839 26871 0
32766 32776 0
32349 32364 0
32505 32505 1
28374 28384 0
30233 30257 0
34209 34240 0
33133 33141 0
32768 32776 0
23801 23828 0
29332 29335 0
29681 29687 0
27650 27664 0
31678 31697 0
24688 24719 0
32420 32436 0
30077 30083 0
 
31404 31406 0
30019 30029 0
69637 69637 1
36110 36124 0
30640 30659 0
35539 35543 0
30321 30321 1
32389 32397 0
32516 32534 0
33992 33992 1
31889 31889 1
27396 27410 0
32425 32426 0
26201 26205 0
28147 28147 1
32778 32868 0
28297 28311 0
26336 26336 1
32044 32069 0
28504 28511 0
27165 27165 1
29859 29859 1
37133 37185 0
27041 27043 0
82162 82162 1
 
36012 36054 0
29169 29196 0
33128 33131 0
31596 31604 0
38728 38735 0
29703 29724 0
26391 26399 0
33809 33825 0
24685 24705 0
27854 27876 0
30610 30611 0
29639 29642 0
30372 30388 0
29749 29766 0
35684 35684 1
30034 30052 0
28334 28357 0
32569 32569 1
32696 32698 0
29751 29789 0
67821 67887 0
29540 29573 0
35012 35063 0
30142 30142 1
31119 31133 0
 
33752 33793 0
33009 33016 0
33131 33133 0
28418 28418 1
35306 35306 1
32803 32803 1
32511 32543 0
36350 36352 0
32716 32731 0
33786 33808 0
37077 37142 0
32787 32787 1
31521 31555 0
31297 31297 1
34912 34921 0
63065 63065 1
37422 37441 0
38785 38785 1
35762 35762 1
32666 32679 0
38892 38899 0
27258 27261 0
30560 30575 0
39448 39453 0
32392 32392 1
 
32617 32663 0
28790 28794 0
32129 32155 0
36092 36106 0
33975 34087 0
33259 33268 0
34337 34337 1
38736 38760 0
32667 32734 0
40534 40545 0
38256 38258 0
45455 45484 0
39691 39743 0
42035 42061 0
41136 41153 0
33958 33990 0
40989 40991 0
36428 36451 0
35559 35601 0
32065 32068 0
34370 34393 0
33676 33724 0
36597 36598 0
32074 32083 0
31590 31603 0
 
29561 29561 1
36487 36527 0
37295 37341 0
30072 30072 1
39273 39283 0
50765 50809 0
36321 36351 0
38794 38800 0
35680 35724 0
34660 34661 0
32557 32560 0
33217 33218 0
36525 36525 1
34131 34164 0
34343 34377 0
35560 35591 0
36420 36471 0
33920 33958 0
39754 39754 1
35657 35682 0
31976 32002 0
37766 37766 1
76451 76451 1
37165 37222 0
44482 44497 0
 
39130 39134 0
41336 41360 0
36148 36153 0
37773 37788 0
38156 38164 0
35240 35277 0
38551 38586 0
35746 35748 0
34981 35031 0
40946 40992 0
29740 29744 0
36760 36766 0
39131 39169 0
32447 32461 0
33726 33819 0
43853 43872 0
52285 52294 0
38282 38318 0
36000 36014 0
33405 33421 0
40170 40185 0
31648 31699 0
35489 35517 0
38116 38129 0
39685 39711 0
 
37728 37755 0
37141 37238 0
34108 34131 0
36146 36211 0
36672 36724 0
38662 38662 1
39086 39114 0
36311 36334 0
89280 89360 0
42946 42962 0
41403 41417 0
43437 43445 0
44089 44092 0
38217 38222 0
36625 36625 1
34976 34983 0
35848 35860 0
37524 37550 0
36399 36450 0
39581 39612 0
37098 37121 0
39761 39769 0
39694 39726 0
41326 41326 1
38437 38437 1
 
97662 97683 0
48775 48827 0
49107 49108 0
41682 41713 0
44941 45004 0
35550 35579 0
43784 43796 0
41172 41229 0
36848 36852 0
38236 38260 0
38513 38513 1
40475 40494 0
37310 37322 0
41959 41961 0
39893 39917 0
37046 37080 0
36496 36537 0
44021 44021 1
52064 52182 0
40761 40812 0
45104 45111 0
43314 43345 0
37888 37893 0
35192 35197 0
35894 35895 0
 
43855 43861 0
36413 36413 1
48342 48349 0
44826 44891 0
40637 40666 0
34872 34947 0
42863 42890 0
42000 42000 1
64939 65014 0
46562 46598 0
48253 48284 0
51601 51680 0
40449 40471 0
41015 41067 0
39853 39853 1
40690 40718 0
43280 43284 0
37902 37964 0
42359 42375 0
38146 38207 0
38298 38315 0
39535 39587 0
39121 39121 1
45772 45781 0
113493 113584 0
 
58195 58215 0
42519 42591 0
47672 47713 0
49993 50037 0
43786 43797 0
41960 42013 0
38820 38860 0
39292 39327 0
41128 41164 0
37562 37562 1
44301 44311 0
39586 39586 1
41520 41532 0
40552 40570 0
36448 36483 0
90653 90784 0
49679 49742 0
43324 43345 0
51391 51426 0
48521 48590 0
41624 41643 0
38202 38227 0
39701 39712 0
37113 37113 1
39675 39793 0
 
41782 41837 0
43912 43912 1
43115 43189 0
40654 40706 0
36230 36287 0
41291 41358 0
61896 61968 0
48036 48068 0
48810 48820 0
42309 42322 0
42163 42181 0
44911 45004 0
39067 39087 0
46142 46176 0
45870 45939 0
37926 37998 0
38777 38787 0
40844 40872 0
39818 39846 0
39590 39638 0
40018 40057 0
80444 80459 0
54014 54847 0
47326 47341 0
49930 49976 0
 
14813 33391 0
11438 33523 0
11482 38378 0
11807 33325 0
15461 37476 0
12968 37500 0
14799 36696 0
14733 36458 0
9340 33765 0
12516 33565 0
12502 33585 0
13464 33484 0
13469 33611 0
10741 33308 0
10643 33466 0
13046 33546 0
10626 33371 0
13427 33358 0
13890 33487 0
11680 38296 0
16352 39854 0
11184 37340 0
15126 36490 0
13670 33728 0
12575 33623 0
 
5467 33961 0
4626 33896 0
5416 33491 0
4691 33464 0
4905 33695 0
4755 33929 0
5711 33220 0
5097 33349 0
12876 79381 0
6136 37619 0
5545 37122 0
6279 39975 0
4487 37277 0
4107 34378 0
3348 34273 0
4241 33259 0
5513 33443 0
2080 33519 0
5609 33632 0
4838 34063 0
3760 33406 0
5654 32911 0
4426 33083 0
8501 50310 0
6195 36885 0
 
 
===
