3710 3710 1
2916 2917 0
3390 3390 1
3449 3451 0
1851 1852 0
2736 2736 1
2842 2842 1
3073 3077 0
5171 5171 1
4383 4383 1
3910 3911 0
4061 4061 1
3742 3746 0
3688 3688 1
2871 2871 1
3780 3782 0
3932 3934 0
4222 4222 1
2681 2681 1
3756 3756 1
3842 3846 0
3795 3796 0
2113 2113 1
2989 2989 1
4949 4949 1
 
2680 2680 1
3891 3891 1
5969 5969 1
2631 2631 1
2667 2667 1
3824 3824 1
3555 3555 1
3120 3120 1
3479 3479 1
3258 3258 1
3030 3030 1
5224 5229 0
4679 4679 1
3277 3277 1
3665 3665 1
4437 4437 1
3314 3314 1
3070 3072 0
5732 5732 1
3410 3413 0
3469 3469 1
3550 3550 1
3168 3168 1
2896 2897 0
2496 2497 0
 
3410 3410 1
2792 2792 1
3253 3256 0
5239 5239 1
4426 4436 0
3854 3858 0
2660 2663 0
3822 3823 0
3401 3403 0
3609 3609 1
3102 3102 1
3006 3006 1
3894 3894 1
3243 3244 0
4134 4134 1
3501 3501 1
3700 3700 1
3529 3530 0
3029 3029 1
3801 3801 1
3563 3563 1
3553 3553 1
3776 3776 1
5488 5488 1
4252 4252 1
 
3949 3949 1
3322 3322 1
3353 3353 1
2736 2736 1
3695 3695 1
5211 5211 1
3793 3793 1
3384 3384 1
3729 3729 1
4670 4673 0
3005 3005 1
3099 3099 1
4552 4552 1
5208 5208 1
5317 5317 1
4179 4179 1
3586 3586 1
5697 5697 1
3958 3959 0
3932 3932 1
4103 4105 0
3843 3849 0
4627 4627 1
5213 5213 1
3968 3972 0
 
5324 5324 1
4003 4003 1
3620 3620 1
5656 5658 0
3353 3353 1
3732 3732 1
3313 3313 1
3853 3853 1
5989 5994 0
4125 4125 1
4494 4494 1
4601 4603 0
4474 4477 0
3976 3976 1
3721 3721 1
4769 4769 1
4526 4526 1
4738 4746 0
5943 5943 1
4687 4693 0
3273 3274 0
4497 4498 0
4206 4207 0
4128 4128 1
4715 4715 1
 
6339 6341 0
6095 6095 1
4842 4842 1
4915 4915 1
4477 4477 1
5164 5164 1
5794 5794 1
4587 4587 1
3804 3804 1
5580 5580 1
5472 5472 1
3344 3344 1
4737 4737 1
4952 4954 0
6816 6816 1
5141 5146 0
5673 5673 1
3987 3987 1
3833 3833 1
4959 4959 1
4548 4548 1
4030 4030 1
4728 4728 1
7389 7389 1
4023 4023 1
 
4097 4097 1
5634 5636 0
4175 4175 1
3491 3491 1
7059 7059 1
4907 4907 1
3733 3733 1
4906 4906 1
6362 6373 0
4929 4929 1
6355 6361 0
5815 5818 0
5656 5656 1
4305 4305 1
4640 4640 1
4269 4269 1
4581 4584 0
3495 3496 0
5553 5553 1
4165 4165 1
4164 4166 0
5826 5826 1
5015 5015 1
4296 4296 1
5545 5545 1
 
4859 4865 0
5730 5730 1
5371 5382 0
4590 4590 1
4617 4617 1
5485 5485 1
5126 5126 1
5796 5796 1
5424 5424 1
5609 5616 0
4477 4477 1
4296 4298 0
4399 4401 0
4887 4887 1
5146 5146 1
5725 5725 1
5325 5325 1
4993 4994 0
5702 5702 1
6702 6706 0
7037 7037 1
5642 5642 1
3731 3731 1
5509 5510 0
4928 4928 1
 
6517 6518 0
4413 4414 0
6694 6694 1
5108 5108 1
4857 4857 1
4719 4719 1
5778 5778 1
5161 5161 1
6821 6821 1
5143 5143 1
5027 5027 1
5810 5810 1
3779 3779 1
4176 4179 0
5765 5765 1
6808 6808 1
4511 4511 1
6099 6099 1
5915 5915 1
4718 4718 1
7093 7093 1
5397 5397 1
7268 7268 1
6780 6780 1
7203 7203 1
 
4658 4658 1
7078 7078 1
4941 4941 1
5149 5149 1
6234 6234 1
5761 5761 1
4600 4600 1
5863 5863 1
5582 5582 1
5243 5243 1
4319 4319 1
6299 6299 1
6000 6000 1
5680 5680 1
5510 5510 1
6503 6523 0
4715 4715 1
3829 3829 1
4020 4020 1
5022 5022 1
4967 4967 1
6000 6000 1
4908 4908 1
6358 6358 1
5014 5014 1
 
6687 6687 1
5466 5466 1
7202 7202 1
5592 5592 1
6564 6564 1
6045 6045 1
6445 6445 1
4748 4748 1
5169 5169 1
7224 7224 1
6355 6355 1
5043 5043 1
8169 8169 1
5326 5326 1
5338 5347 0
6724 6724 1
6071 6073 0
4273 4273 1
6745 6745 1
7476 7476 1
5411 5411 1
7768 7768 1
6126 6127 0
5930 5931 0
5739 5739 1
 
5514 5514 1
4635 4636 0
4451 4451 1
6834 6834 1
7417 7417 1
5034 5034 1
6587 6587 1
6738 6738 1
4531 4532 0
7038 7040 0
7793 7794 0
4163 4163 1
5838 5838 1
6259 6260 0
6832 6838 0
5930 5934 0
7772 7780 0
6973 6986 0
6563 6567 0
4939 4939 1
6663 6663 1
4890 4894 0
4013 4013 1
7807 7811 0
7594 7599 0
 
7176 7184 0
6862 6871 0
4977 4979 0
5241 5243 0
6078 6086 0
6636 6638 0
6835 6835 1
6057 6074 0
5440 5440 1
7090 7093 0
7948 7948 1
5665 5665 1
8103 8103 1
9790 9790 1
6783 6783 1
5915 5915 1
7834 7834 1
7795 7805 0
6207 6209 0
6762 6762 1
7940 7940 1
7160 7164 0
7795 7797 0
6023 6023 1
5874 5884 0
 
8196 8202 0
6158 6158 1
6747 6747 1
5730 5730 1
6913 6913 1
7995 7997 0
6327 6327 1
5849 5849 1
5550 5550 1
6009 6009 1
6826 6826 1
6754 6754 1
5554 5554 1
7994 7994 1
6139 6139 1
6126 6126 1
4972 4972 1
6311 6311 1
8321 8321 1
6471 6471 1
6217 6217 1
7694 7694 1
6879 6879 1
6923 6923 1
6415 6415 1
 
7526 7526 1
6176 6176 1
8435 8453 0
7857 7857 1
7854 7854 1
6634 6634 1
6129 6129 1
9069 9069 1
7075 7075 1
8336 8336 1
9461 9461 1
5914 5914 1
6082 6083 0
6610 6610 1
7101 7107 0
8577 8577 1
4998 4998 1
6267 6267 1
7567 7567 1
5484 5484 1
8260 8261 0
5746 5746 1
7739 7750 0
7082 7082 1
6102 6102 1
 
7166 7166 1
7621 7642 0
7249 7249 1
7174 7174 1
5820 5820 1
8905 8907 0
7929 7929 1
7705 7705 1
10467 10467 1
6467 6467 1
7448 7449 0
6101 6103 0
8385 8385 1
9378 9378 1
6162 6162 1
8741 8742 0
7731 7731 1
8272 8272 1
6610 6610 1
6184 6188 0
7899 7899 1
7530 7534 0
9629 9629 1
6746 6746 1
8886 8886 1
 
10832 10832 1
8995 9006 0
9207 9221 0
7864 7874 0
7676 7676 1
6551 6553 0
8707 8707 1
8063 8063 1
6303 6314 0
8472 8472 1
8751 8751 1
5109 5109 1
8988 9004 0
9073 9077 0
8651 8651 1
10699 10702 0
8478 8478 1
10414 10414 1
7815 7815 1
8189 8196 0
8876 8876 1
6194 6194 1
8477 8477 1
8872 8877 0
5360 5360 1
 
7319 7319 1
7845 7850 0
7764 7766 0
6578 6579 0
6771 6771 1
6228 6231 0
8940 8943 0
8920 8920 1
8633 8640 0
6855 6866 0
10380 10380 1
7758 7758 1
8336 8336 1
7582 7585 0
7608 7613 0
8376 8376 1
7964 7977 0
6299 6304 0
9397 9406 0
6110 6120 0
8453 8453 1
7236 7236 1
9160 9160 1
7306 7306 1
6089 6093 0
 
7870 7870 1
8617 8622 0
6379 6379 1
7173 7173 1
8576 8576 1
7789 7789 1
8390 8390 1
9219 9219 1
6930 6930 1
8910 8917 0
6610 6610 1
10003 10028 0
10167 10200 0
6455 6455 1
8010 8011 0
6531 6531 1
7582 7583 0
6208 6208 1
8442 8442 1
7377 7381 0
8030 8040 0
7639 7641 0
11180 11180 1
8671 8671 1
12718 12718 1
 
8172 8172 1
8774 8779 0
7792 7792 1
7230 7237 0
8335 8335 1
8480 8480 1
7865 7866 0
8765 8765 1
5943 5943 1
9278 9278 1
8404 8421 0
10236 10236 1
9269 9269 1
9001 9001 1
6576 6576 1
7549 7549 1
7720 7720 1
9142 9147 0
7096 7100 0
7566 7574 0
9463 9463 1
10830 10830 1
7611 7617 0
8524 8526 0
7931 7931 1
 
9673 9674 0
7558 7558 1
10548 10555 0
6439 6443 0
8757 8764 0
10307 10307 1
8685 8685 1
8063 8063 1
7802 7803 0
7595 7605 0
7366 7366 1
8480 8480 1
9701 9701 1
11136 11155 0
7505 7505 1
9481 9495 0
11772 11782 0
6735 6739 0
8523 8523 1
10476 10495 0
8847 8856 0
8466 8466 1
9829 9829 1
8746 8754 0
8902 8902 1
 
545 7270 0
693 8798 0
809 8455 0
622 7462 0
549 7535 0
768 7628 0
707 7807 0
521 8079 0
814 7916 0
907 9194 0
465 7162 0
521 6900 0
758 8013 0
688 7757 0
784 8358 0
912 8272 0
301 8979 0
659 7632 0
405 6675 0
640 7630 0
498 8247 0
310 8698 0
503 6335 0
708 8192 0
533 7770 0
 
513 7903 0
611 6512 0
604 7137 0
301 6423 0
436 8162 0
548 7092 0
460 7183 0
604 7183 0
469 7439 0
552 7295 0
447 7028 0
611 7164 0
476 6702 0
480 7335 0
447 6463 0
535 6072 0
684 9494 0
474 6658 0
463 7413 0
498 7197 0
598 6949 0
388 6731 0
499 6473 0
539 7694 0
481 6519 0

===
