107 107 1
71 71 1
48 48 1
263 263 1
140 140 1
71 71 1
172 172 1
48 48 1
100 100 1
43 43 1
157 157 1
109 109 1
48 48 1
188 188 1
195 195 1
178 178 1
103 103 1
156 156 1
43 43 1
128 128 1
212 212 1
113 113 1
134 134 1
75 75 1
48 48 1
 
244 244 1
46 46 1
91 91 1
239 239 1
67 67 1
44 44 1
103 103 1
245 245 1
271 271 1
146 146 1
50 50 1
114 114 1
263 263 1
50 50 1
80 80 1
161 161 1
343 343 1
190 190 1
118 118 1
138 138 1
51 51 1
46 46 1
75 75 1
77 77 1
287 287 1
 
70 70 1
92 92 1
87 87 1
200 200 1
146 146 1
489 489 1
103 103 1
107 107 1
233 233 1
143 143 1
184 184 1
261 261 1
297 297 1
110 110 1
222 222 1
136 136 1
208 208 1
199 199 1
353 353 1
192 192 1
260 260 1
155 155 1
258 258 1
64 64 1
343 343 1
 
179 179 1
72 72 1
292 292 1
112 112 1
275 275 1
291 291 1
188 188 1
95 95 1
303 303 1
194 194 1
285 285 1
441 441 1
55 55 1
165 165 1
292 292 1
184 184 1
275 275 1
108 108 1
129 129 1
174 174 1
428 428 1
266 266 1
370 370 1
179 179 1
267 267 1
 
50 50 1
85 85 1
58 58 1
91 91 1
84 84 1
54 54 1
61 61 1
57 57 1
106 106 1
48 48 1
99 99 1
62 62 1
70 70 1
89 89 1
111 111 1
46 46 1
52 52 1
45 45 1
57 57 1
60 60 1
37 37 1
82 82 1
51 51 1
62 62 1
135 135 1
 
246 246 1
329 329 1
235 235 1
521 521 1
428 428 1
227 227 1
396 396 1
531 531 1
191 191 1
160 160 1
782 782 1
462 462 1
354 354 1
191 191 1
376 376 1
199 199 1
103 103 1
303 303 1
541 541 1
393 393 1
317 317 1
145 145 1
614 614 1
366 366 1
487 487 1
 
165 165 1
500 500 1
248 248 1
250 250 1
213 213 1
482 482 1
370 370 1
378 378 1
228 228 1
300 300 1
242 242 1
559 559 1
494 494 1
345 345 1
527 527 1
315 315 1
450 450 1
585 585 1
489 489 1
232 232 1
348 348 1
444 444 1
322 322 1
239 239 1
800 800 1
 
530 530 1
394 394 1
188 188 1
345 345 1
497 497 1
247 247 1
174 174 1
318 318 1
513 513 1
643 643 1
376 376 1
298 298 1
233 233 1
327 327 1
234 234 1
559 559 1
507 507 1
598 598 1
229 229 1
238 238 1
106 106 1
254 254 1
284 284 1
382 382 1
543 543 1
 
605 605 1
218 218 1
287 287 1
422 422 1
459 459 1
445 445 1
332 332 1
596 596 1
378 378 1
410 410 1
264 264 1
550 550 1
838 838 1
313 313 1
668 668 1
589 589 1
485 485 1
350 350 1
337 337 1
556 556 1
834 834 1
257 257 1
261 261 1
452 452 1
750 750 1
 
162 162 1
147 147 1
154 154 1
80 80 1
139 139 1
127 127 1
72 72 1
130 130 1
131 131 1
142 142 1
130 130 1
100 100 1
112 112 1
164 164 1
123 123 1
125 125 1
163 163 1
113 113 1
95 95 1
110 110 1
123 123 1
126 126 1
140 140 1
114 114 1
128 128 1
 
718 718 1
406 406 1
569 569 1
422 422 1
312 312 1
514 514 1
594 594 1
306 306 1
692 692 1
512 512 1
335 335 1
668 668 1
398 398 1
438 438 1
314 314 1
315 315 1
627 627 1
676 676 1
638 638 1
551 551 1
397 397 1
517 517 1
430 430 1
326 326 1
444 444 1
 
460 460 1
729 729 1
686 686 1
574 574 1
435 435 1
563 563 1
635 635 1
559 559 1
827 827 1
921 921 1
640 640 1
372 372 1
609 609 1
423 423 1
459 459 1
588 588 1
268 268 1
424 424 1
326 326 1
408 408 1
399 399 1
385 385 1
424 424 1
642 642 1
479 479 1
 
630 630 1
956 956 1
646 646 1
457 457 1
578 578 1
749 749 1
449 449 1
521 521 1
593 593 1
390 390 1
510 510 1
481 481 1
902 902 1
313 313 1
414 414 1
634 634 1
602 602 1
974 974 1
676 676 1
384 384 1
613 613 1
683 683 1
699 699 1
279 279 1
484 484 1
 
972 972 1
899 899 1
585 585 1
448 448 1
913 913 1
664 664 1
695 695 1
489 489 1
875 875 1
900 900 1
582 582 1
338 338 1
605 605 1
606 606 1
598 598 1
472 472 1
1037 1037 1
490 490 1
352 352 1
409 409 1
495 495 1
622 622 1
580 580 1
632 632 1
316 316 1
 
157 157 1
122 122 1
102 102 1
186 186 1
187 187 1
234 234 1
194 194 1
98 98 1
166 166 1
194 194 1
196 196 1
198 198 1
252 252 1
112 112 1
174 174 1
156 156 1
204 204 1
116 116 1
175 175 1
183 183 1
150 150 1
130 130 1
176 176 1
99 99 1
249 249 1
 
625 625 1
1093 1093 1
734 734 1
710 710 1
618 618 1
395 395 1
654 654 1
736 736 1
746 746 1
810 810 1
420 420 1
826 826 1
1102 1102 1
880 880 1
503 503 1
667 667 1
553 553 1
688 688 1
779 779 1
781 781 1
680 680 1
653 653 1
620 620 1
512 512 1
803 803 1
 
506 506 1
777 777 1
635 635 1
799 799 1
849 849 1
882 882 1
726 726 1
682 682 1
1178 1178 1
626 626 1
932 932 1
687 687 1
763 763 1
849 849 1
1105 1105 1
751 751 1
775 775 1
1151 1151 1
581 581 1
1423 1423 1
954 954 1
920 920 1
887 887 1
593 593 1
459 459 1
 
1063 1063 1
961 961 1
803 803 1
827 827 1
565 565 1
851 851 1
766 766 1
743 743 1
661 661 1
1128 1128 1
560 560 1
677 677 1
796 796 1
639 639 1
638 638 1
1072 1072 1
652 652 1
759 759 1
794 794 1
747 747 1
754 754 1
977 977 1
950 950 1
1028 1028 1
953 953 1
 
747 747 1
1012 1012 1
598 598 1
572 572 1
890 890 1
686 686 1
957 957 1
656 656 1
1288 1288 1
752 752 1
1163 1163 1
877 877 1
716 716 1
1349 1349 1
1036 1036 1
925 925 1
413 413 1
685 685 1
625 625 1
865 865 1
833 833 1
854 854 1
708 708 1
735 735 1
838 838 1
 
179 179 1
229 229 1
339 339 1
206 206 1
308 308 1
246 246 1
228 228 1
208 208 1
213 213 1
142 142 1
221 221 1
207 207 1
252 252 1
187 187 1
125 125 1
208 208 1
258 258 1
130 130 1
202 202 1
169 169 1
135 135 1
214 214 1
254 254 1
227 227 1
233 233 1
 
184 184 1
293 293 1
181 181 1
227 227 1
205 205 1
225 225 1
261 261 1
233 233 1
276 276 1
236 236 1
218 218 1
265 265 1
174 174 1
225 225 1
276 276 1
199 199 1
232 232 1
226 226 1
262 262 1
288 288 1
153 153 1
265 265 1
305 305 1
229 229 1
215 215 1
 
205 205 1
194 194 1
168 168 1
243 243 1
316 316 1
204 204 1
224 224 1
285 285 1
186 186 1
163 163 1
187 187 1
287 287 1
199 199 1
233 233 1
233 233 1
258 258 1
175 175 1
265 265 1
131 131 1
280 280 1
219 219 1
177 177 1
240 240 1
197 197 1
190 190 1
 
267 267 1
219 219 1
234 234 1
313 313 1
211 211 1
292 292 1
245 245 1
302 302 1
243 243 1
197 197 1
248 248 1
261 261 1
362 362 1
311 311 1
292 292 1
255 255 1
195 195 1
255 255 1
222 222 1
231 231 1
226 226 1
268 268 1
229 229 1
210 210 1
232 232 1
 
331 331 1
355 355 1
272 272 1
346 346 1
250 250 1
246 246 1
333 333 1
280 280 1
337 337 1
200 200 1
243 243 1
416 416 1
196 196 1
350 350 1
290 290 1
395 395 1
304 304 1
364 364 1
256 256 1
383 383 1
273 273 1
221 221 1
359 359 1
215 215 1
282 282 1
 
285 285 1
306 306 1
274 274 1
315 315 1
267 267 1
307 307 1
260 260 1
325 325 1
312 312 1
291 291 1
224 224 1
263 263 1
272 272 1
157 157 1
342 342 1
230 230 1
252 252 1
279 279 1
329 329 1
198 198 1
320 320 1
203 203 1
267 267 1
320 320 1
321 321 1
 
230 230 1
278 278 1
354 354 1
301 301 1
287 287 1
190 190 1
264 264 1
321 321 1
285 285 1
270 270 1
249 249 1
349 349 1
232 232 1
321 321 1
303 303 1
265 265 1
322 322 1
302 302 1
210 210 1
329 329 1
335 335 1
271 271 1
230 230 1
266 266 1
324 324 1
 
294 294 1
276 276 1
506 506 1
311 311 1
309 309 1
355 355 1
299 299 1
339 339 1
380 380 1
196 196 1
331 331 1
320 320 1
302 302 1
247 247 1
318 318 1
381 381 1
339 339 1
203 203 1
214 214 1
260 260 1
299 299 1
274 274 1
327 327 1
278 278 1
245 245 1
 
232 232 1
341 341 1
352 352 1
246 246 1
237 237 1
311 311 1
365 365 1
257 257 1
353 353 1
238 238 1
282 282 1
263 263 1
338 338 1
277 277 1
315 315 1
341 341 1
439 439 1
367 367 1
394 394 1
282 282 1
256 256 1
349 349 1
342 342 1
345 345 1
365 365 1
 
306 306 1
303 303 1
407 407 1
347 347 1
351 351 1
235 235 1
271 271 1
316 316 1
338 338 1
254 254 1
343 343 1
216 216 1
210 210 1
222 222 1
303 303 1
256 256 1
339 339 1
245 245 1
241 241 1
368 368 1
309 309 1
255 255 1
353 353 1
234 234 1
328 328 1
 
220 220 1
256 256 1
363 363 1
317 317 1
336 336 1
306 306 1
308 308 1
448 448 1
430 430 1
401 401 1
323 323 1
386 386 1
251 251 1
410 410 1
301 301 1
301 301 1
416 416 1
342 342 1
475 475 1
406 406 1
294 294 1
353 353 1
377 377 1
323 323 1
287 287 1
 
413 413 1
225 225 1
476 476 1
356 356 1
432 432 1
378 378 1
275 275 1
282 282 1
306 306 1
321 321 1
264 264 1
336 336 1
376 376 1
284 284 1
236 236 1
337 337 1
341 341 1
302 302 1
362 362 1
350 350 1
293 293 1
268 268 1
324 324 1
292 292 1
414 414 1
 
274 274 1
378 379 0
414 414 1
334 334 1
339 339 1
339 339 1
307 307 1
275 275 1
411 411 1
396 396 1
300 300 1
271 272 0
260 260 1
297 297 1
355 355 1
407 407 1
339 339 1
293 293 1
275 275 1
325 325 1
408 408 1
354 354 1
396 396 1
283 283 1
434 434 1
 
385 385 1
318 318 1
387 387 1
380 380 1
371 371 1
351 354 0
298 298 1
358 358 1
318 318 1
384 384 1
391 391 1
325 325 1
365 365 1
373 373 1
321 321 1
312 312 1
424 424 1
294 294 1
319 319 1
442 442 1
312 312 1
341 341 1
336 336 1
414 414 1
310 310 1
 
298 300 0
429 430 0
415 416 0
344 344 1
394 394 1
261 266 0
435 435 1
411 411 1
277 280 0
376 376 1
305 305 1
292 292 1
468 468 1
289 289 1
374 374 1
349 350 0
414 414 1
403 403 1
260 260 1
358 359 0
411 411 1
338 338 1
365 366 0
428 428 1
398 398 1
 
394 394 1
408 408 1
448 448 1
407 408 0
369 369 1
327 327 1
344 344 1
337 337 1
556 556 1
418 418 1
303 304 0
289 290 0
384 385 0
346 346 1
400 400 1
250 255 0
303 306 0
299 299 1
362 362 1
295 295 1
417 417 1
452 452 1
345 345 1
317 317 1
271 272 0
 
316 319 0
347 348 0
315 316 0
341 341 1
503 503 1
298 298 1
294 299 0
415 415 1
343 344 0
463 463 1
363 363 1
287 288 0
402 402 1
479 482 0
423 423 1
348 349 0
379 379 1
356 356 1
401 401 1
443 443 1
409 409 1
330 332 0
423 423 1
352 352 1
320 320 1
 
520 520 1
295 298 0
334 334 1
379 379 1
483 483 1
485 485 1
502 502 1
327 327 1
402 402 1
428 428 1
456 456 1
330 331 0
418 418 1
511 511 1
401 402 0
429 435 0
442 442 1
432 433 0
359 359 1
368 372 0
395 395 1
325 325 1
480 480 1
320 324 0
394 395 0
 
334 334 1
359 361 0
454 454 1
426 426 1
446 449 0
370 372 0
499 499 1
418 418 1
363 369 0
345 351 0
370 377 0
418 425 0
448 448 1
397 399 0
415 415 1
321 326 0
424 424 1
407 408 0
413 418 0
420 421 0
488 488 1
311 315 0
483 486 0
504 504 1
402 406 0
 
431 431 1
320 331 0
383 396 0
372 387 0
360 363 0
366 370 0
403 404 0
441 448 0
434 436 0
363 367 0
259 274 0
453 453 1
315 317 0
305 324 0
484 484 1
402 402 1
537 537 1
465 469 0
353 355 0
391 391 1
395 405 0
373 375 0
586 589 0
618 618 1
465 471 0
 
445 445 1
288 292 0
404 408 0
321 340 0
501 504 0
513 521 0
402 421 0
450 460 0
501 510 0
380 405 0
391 398 0
448 450 0
341 348 0
464 473 0
464 477 0
396 414 0
308 319 0
402 416 0
479 489 0
452 452 1
398 412 0
377 378 0
416 418 0
372 377 0
407 416 0
 
412 433 0
352 375 0
430 463 0
497 509 0
409 420 0
379 395 0
385 401 0
399 422 0
468 489 0
453 467 0
326 347 0
273 322 0
504 514 0
307 352 0
355 393 0
324 377 0
386 411 0
416 429 0
381 405 0
461 464 0
367 397 0
475 489 0
483 500 0
428 447 0
419 457 0
 
401 480 0
504 569 0
373 456 0
350 413 0
452 534 0
448 511 0
371 439 0
390 449 0
388 441 0
554 610 0
281 391 0
365 440 0
345 415 0
415 469 0
396 474 0
419 484 0
443 494 0
360 461 0
241 315 0
408 465 0
414 489 0
524 593 0
329 418 0
285 364 0
377 455 0
 
===
