273 273 1
457 457 1
109 109 1
503 503 1
387 387 1
122 122 1
161 161 1
207 207 1
123 123 1
123 123 1
136 136 1
373 373 1
188 188 1
451 451 1
669 669 1
336 336 1
306 306 1
112 112 1
220 220 1
184 184 1
772 772 1
278 278 1
912 912 1
360 360 1
634 634 1
 
537 537 1
349 349 1
247 247 1
382 382 1
732 732 1
1175 1175 1
498 498 1
264 264 1
285 285 1
226 226 1
457 457 1
227 227 1
1445 1445 1
617 617 1
1256 1256 1
411 411 1
559 559 1
645 645 1
1365 1365 1
272 272 1
211 211 1
444 444 1
292 292 1
756 756 1
350 350 1
 
936 936 1
420 420 1
577 577 1
508 508 1
610 610 1
408 408 1
1307 1307 1
719 719 1
546 546 1
557 557 1
469 469 1
637 637 1
881 881 1
514 514 1
380 380 1
288 288 1
534 534 1
620 620 1
1278 1278 1
401 401 1
384 384 1
1190 1190 1
292 292 1
760 760 1
1622 1622 1
 
1365 1365 1
562 562 1
529 529 1
568 568 1
624 624 1
1654 1654 1
1301 1301 1
706 706 1
884 884 1
651 651 1
969 969 1
1749 1749 1
608 608 1
1392 1392 1
452 452 1
817 817 1
419 419 1
617 617 1
799 799 1
1215 1215 1
816 816 1
1059 1059 1
958 958 1
1710 1710 1
850 850 1
 
688 688 1
2543 2543 1
1117 1117 1
769 769 1
979 979 1
515 515 1
1826 1826 1
1008 1008 1
1880 1880 1
1308 1308 1
2442 2442 1
1082 1082 1
2052 2052 1
875 875 1
1980 1980 1
1159 1159 1
1477 1477 1
1004 1004 1
716 716 1
865 865 1
1263 1263 1
791 791 1
1103 1103 1
1010 1010 1
1850 1850 1
 
1141 1141 1
1679 1679 1
1215 1215 1
559 559 1
1579 1579 1
2087 2087 1
1125 1125 1
1660 1660 1
1257 1257 1
1815 1815 1
1264 1264 1
839 839 1
963 963 1
2245 2245 1
1429 1429 1
892 892 1
1321 1321 1
623 623 1
1309 1309 1
1287 1287 1
906 906 1
1259 1259 1
1121 1121 1
1368 1368 1
1445 1445 1
 
755 755 1
1267 1267 1
1997 1997 1
1746 1746 1
1236 1236 1
1515 1515 1
1974 1974 1
2110 2110 1
1110 1110 1
2004 2004 1
2680 2680 1
833 833 1
1553 1553 1
1749 1749 1
1109 1109 1
3052 3052 1
2121 2121 1
1458 1458 1
2012 2012 1
1953 1953 1
2621 2621 1
1822 1822 1
1138 1138 1
1450 1450 1
1864 1864 1
 
1398 1398 1
2344 2344 1
3316 3316 1
1831 1831 1
1514 1514 1
2245 2245 1
2218 2218 1
1806 1806 1
895 895 1
1677 1677 1
1238 1238 1
3048 3048 1
2157 2157 1
2176 2176 1
1691 1691 1
2088 2088 1
2520 2520 1
1264 1264 1
2306 2306 1
1002 1002 1
1567 1567 1
2458 2458 1
1172 1172 1
1496 1496 1
1768 1768 1
 
1366 1366 1
1762 1762 1
1338 1338 1
2602 2602 1
2266 2266 1
1879 1879 1
1573 1573 1
1310 1310 1
1903 1903 1
2684 2684 1
1685 1685 1
2322 2322 1
1702 1702 1
1407 1407 1
1404 1404 1
2249 2249 1
1642 1642 1
2502 2502 1
1904 1904 1
2070 2070 1
1894 1894 1
2864 2864 1
1365 1365 1
2234 2234 1
3126 3126 1
 
1899 1899 1
2052 2052 1
2634 2634 1
2366 2366 1
2842 2842 1
2769 2769 1
2391 2391 1
2711 2711 1
3330 3330 1
2682 2682 1
1908 1908 1
2760 2760 1
3606 3606 1
2595 2595 1
2571 2571 1
2714 2714 1
2027 2027 1
2786 2786 1
3462 3462 1
2293 2293 1
1773 1773 1
1646 1646 1
1856 1856 1
2382 2382 1
2251 2251 1
 
3037 3037 1
1456 1456 1
3900 3900 1
3685 3685 1
1627 1627 1
2271 2271 1
2295 2295 1
2419 2419 1
2584 2584 1
2402 2402 1
1712 1712 1
1968 1968 1
2582 2582 1
2662 2662 1
2346 2346 1
1821 1821 1
2140 2140 1
1858 1858 1
1977 1977 1
1179 1179 1
1743 1743 1
1740 1740 1
2229 2229 1
1948 1948 1
2182 2182 1
 
1779 1779 1
5091 5091 1
3085 3085 1
2035 2035 1
3268 3268 1
2211 2211 1
4516 4516 1
3057 3057 1
4048 4048 1
2117 2117 1
1705 1705 1
2484 2484 1
2562 2562 1
2246 2246 1
2122 2122 1
4347 4347 1
2964 2964 1
2193 2193 1
3630 3630 1
3498 3498 1
2154 2154 1
1774 1774 1
1618 1618 1
1470 1470 1
1880 1880 1
 
2804 2804 1
1467 1467 1
3281 3281 1
2689 2689 1
2701 2701 1
2232 2232 1
2219 2219 1
2130 2130 1
2978 2978 1
3198 3198 1
2790 2790 1
2424 2424 1
2759 2759 1
3128 3128 1
2135 2135 1
2362 2362 1
1885 1885 1
2643 2643 1
1465 1465 1
2519 2519 1
2589 2589 1
2362 2362 1
2886 2886 1
3010 3010 1
1829 1829 1
 
2674 2674 1
2653 2653 1
2677 2677 1
2348 2348 1
3107 3107 1
2711 2711 1
3705 3705 1
3445 3445 1
2928 2928 1
3639 3639 1
3194 3194 1
4406 4406 1
2554 2554 1
3678 3678 1
2587 2587 1
3757 3757 1
1949 1949 1
2627 2627 1
3502 3502 1
2392 2392 1
2593 2593 1
2919 2919 1
3727 3727 1
3135 3135 1
2499 2499 1
 
2731 2731 1
3055 3055 1
5433 5433 1
1873 1873 1
2990 2990 1
3324 3324 1
3779 3779 1
4699 4699 1
2660 2660 1
4004 4004 1
3259 3259 1
2568 2568 1
2691 2691 1
3751 3751 1
3610 3610 1
2641 2641 1
3398 3398 1
2702 2702 1
2763 2763 1
4107 4107 1
2811 2811 1
4006 4006 1
2992 2992 1
2934 2934 1
3077 3077 1
 
3709 3709 1
2915 2915 1
3389 3389 1
3453 3453 1
1856 1856 1
2737 2737 1
2851 2851 1
3079 3079 1
5175 5175 1
4391 4391 1
3910 3910 1
4067 4067 1
3629 3629 1
3689 3689 1
2866 2866 1
3790 3790 1
3938 3938 1
4221 4221 1
3024 3024 1
3766 3766 1
3848 3848 1
3799 3799 1
2116 2116 1
2991 2991 1
4958 4958 1
 
2687 2687 1
3891 3891 1
5969 5969 1
2626 2626 1
2665 2665 1
3810 3810 1
3563 3563 1
3131 3131 1
3481 3481 1
3257 3257 1
3018 3018 1
6238 6238 1
5636 5636 1
4324 4324 1
3695 3695 1
4487 4487 1
3505 3505 1
3093 3093 1
5779 5779 1
3630 3630 1
3535 3535 1
3576 3576 1
3202 3202 1
2936 2936 1
2515 2515 1
 
3450 3450 1
2798 2798 1
3292 3292 1
5285 5285 1
4510 4510 1
3896 3896 1
3293 3293 1
3851 3851 1
3445 3445 1
3717 3717 1
3139 3139 1
3040 3040 1
3923 3923 1
3312 3312 1
4163 4163 1
3547 3547 1
3700 3700 1
3560 3560 1
3059 3059 1
3840 3840 1
3577 3577 1
3579 3579 1
3847 3847 1
5540 5540 1
4282 4282 1
 
3986 3986 1
3343 3343 1
3368 3368 1
2735 2735 1
3691 3691 1
5213 5213 1
3818 3818 1
3429 3429 1
3729 3729 1
4687 4687 1
3008 3008 1
3104 3104 1
4554 4554 1
5206 5206 1
5321 5321 1
4178 4178 1
3626 3626 1
5707 5707 1
3962 3962 1
3937 3937 1
4105 4105 1
3857 3857 1
4628 4628 1
4459 4459 1
3444 3444 1
 
4359 4359 1
3837 3837 1
3538 3538 1
3408 3408 1
4814 4814 1
4522 4522 1
5857 5857 1
4755 4755 1
2991 2991 1
4112 4112 1
4693 4693 1
4253 4253 1
3803 3803 1
4607 4607 1
3428 3428 1
3838 3838 1
4348 4348 1
4923 4923 1
5212 5212 1
4176 4176 1
5699 5699 1
4135 4135 1
4113 4113 1
4762 4762 1
5124 5124 1
 
4069 4069 1
3905 3905 1
3540 3540 1
5355 5355 1
3328 3328 1
3703 3703 1
3286 3286 1
3804 3804 1
5963 5963 1
4102 4102 1
4386 4386 1
4515 4515 1
4362 4362 1
3942 3942 1
3706 3706 1
4495 4495 1
4477 4477 1
4729 4729 1
5900 5900 1
4639 4639 1
3265 3265 1
4464 4464 1
4103 4103 1
3992 3992 1
4670 4670 1
 
6303 6303 1
6014 6014 1
4707 4707 1
4863 4863 1
4474 4474 1
5135 5135 1
4934 4934 1
4563 4563 1
3747 3747 1
5321 5321 1
5480 5480 1
3350 3350 1
4740 4740 1
4960 4960 1
6819 6819 1
5148 5148 1
5674 5674 1
4005 4005 1
4813 4813 1
6140 6140 1
4783 4783 1
4218 4218 1
4861 4861 1
7469 7469 1
4155 4155 1
 
4128 4128 1
5725 5725 1
4384 4384 1
3566 3566 1
7148 7148 1
4975 4975 1
3802 3802 1
4326 4326 1
6437 6437 1
4969 4969 1
6434 6434 1
5891 5891 1
5723 5723 1
4381 4381 1
4686 4686 1
4346 4346 1
4649 4649 1
3574 3574 1
5648 5648 1
4230 4230 1
4215 4215 1
5877 5877 1
5047 5047 1
4391 4391 1
5602 5602 1
 
4948 4948 1
5791 5791 1
5424 5424 1
4629 4629 1
4616 4616 1
5494 5494 1
5170 5170 1
5802 5802 1
5433 5433 1
5610 5610 1
4062 4062 1
4298 4298 1
4403 4403 1
4841 4841 1
5142 5142 1
5727 5727 1
5323 5323 1
4998 4998 1
5702 5702 1
6712 6712 1
7047 7047 1
5656 5656 1
3731 3731 1
5505 5505 1
4931 4931 1
 
4698 4698 1
6639 6639 1
4491 4491 1
6546 6546 1
4005 4005 1
4449 4449 1
3330 3330 1
6193 6193 1
4136 4136 1
5426 5426 1
5419 5419 1
6299 6299 1
4767 4767 1
6290 6290 1
4729 4729 1
5956 5956 1
7163 7163 1
4265 4265 1
5245 5245 1
4052 4052 1
4311 4311 1
5849 5849 1
5598 5598 1
5043 5043 1
5211 5211 1
 
6529 6529 1
4410 4410 1
6699 6699 1
5104 5104 1
4863 4863 1
4689 4689 1
5784 5784 1
5196 5196 1
6903 6903 1
5154 5154 1
5022 5022 1
5812 5812 1
3751 3751 1
4178 4178 1
4420 4420 1
5463 5463 1
4438 4438 1
5982 5982 1
5879 5879 1
4489 4489 1
6811 6811 1
5358 5358 1
6623 6623 1
6709 6709 1
7118 7118 1
 
4567 4567 1
6893 6893 1
4899 4899 1
6080 6080 1
7347 7347 1
5788 5788 1
4588 4588 1
5981 5981 1
5437 5437 1
5207 5207 1
4719 4719 1
6435 6435 1
6022 6022 1
5764 5764 1
5505 5505 1
6485 6485 1
4755 4755 1
3853 3853 1
4075 4075 1
5010 5010 1
5016 5016 1
6077 6077 1
4908 4908 1
6448 6448 1
5092 5092 1
 
6772 6772 1
5557 5557 1
7291 7291 1
5804 5804 1
6746 6746 1
6113 6113 1
6573 6573 1
4686 4686 1
5156 5156 1
7230 7230 1
6345 6345 1
5036 5036 1
8281 8281 1
5326 5326 1
5350 5350 1
6751 6751 1
6081 6081 1
4272 4272 1
6755 6755 1
7469 7469 1
5412 5412 1
7765 7765 1
6107 6107 1
5855 5855 1
5745 5745 1
 
5465 5465 1
4635 4635 1
4451 4451 1
6844 6844 1
7420 7420 1
5034 5034 1
6587 6587 1
6745 6745 1
4574 4574 1
7032 7032 1
7795 7795 1
4173 4173 1
5831 5831 1
6215 6215 1
6841 6841 1
5961 5961 1
7770 7770 1
6989 6989 1
6571 6571 1
4943 4943 1
6679 6679 1
4892 4892 1
4010 4010 1
7827 7827 1
7550 7550 1
 
8335 8335 1
4969 4969 1
8238 8238 1
6684 6684 1
6223 6223 1
8862 8862 1
7792 7792 1
6613 6613 1
8443 8443 1
4498 4498 1
5690 5690 1
5449 5449 1
7726 7726 1
6486 6486 1
7406 7406 1
6777 6777 1
7787 7787 1
8668 8668 1
5666 5666 1
5544 5544 1
5589 5589 1
6933 6933 1
8373 8373 1
6831 6831 1
7440 7440 1
 
9358 9358 1
7026 7026 1
5168 5168 1
5534 5534 1
6225 6225 1
6755 6755 1
6998 6998 1
6168 6168 1
5602 5602 1
7263 7263 1
8238 8238 1
5778 5778 1
6673 6673 1
8525 8525 1
6755 6755 1
5768 5768 1
7877 7877 1
7705 7705 1
5984 5984 1
6705 6705 1
7928 7928 1
7191 7191 1
7760 7760 1
6097 6097 1
5589 5589 1
 
8101 8101 1
6177 6177 1
6664 6664 1
5627 5627 1
6847 6847 1
7901 7901 1
6268 6268 1
5820 5820 1
5526 5526 1
5905 5905 1
6693 6693 1
6556 6556 1
5473 5473 1
7996 7996 1
6111 6111 1
5952 5952 1
4971 4971 1
6312 6312 1
8396 8396 1
6469 6469 1
6249 6249 1
7688 7688 1
6869 6869 1
6950 6950 1
6411 6411 1
 
7526 7526 1
6189 6189 1
8453 8453 1
7853 7853 1
7881 7881 1
6633 6633 1
6136 6136 1
9133 9133 1
7082 7082 1
8335 8335 1
9467 9467 1
5936 5936 1
6085 6085 1
6619 6619 1
5753 5753 1
8576 8576 1
4995 4995 1
6262 6262 1
7575 7575 1
5478 5478 1
8264 8264 1
5721 5721 1
7748 7748 1
7108 7108 1
6125 6125 1
 
7155 7155 1
7658 7658 1
7251 7251 1
8075 8075 1
5812 5812 1
8905 8905 1
7930 7930 1
7710 7710 1
10445 10445 1
6461 6461 1
9636 9636 1
8174 8174 1
8682 8682 1
9782 9782 1
6408 6408 1
8766 8766 1
8002 8002 1
8420 8420 1
6756 6756 1
6344 6344 1
8016 8016 1
7820 7820 1
7346 7346 1
5941 5941 1
7941 7941 1
 
6728 6728 1
8872 8872 1
6660 6660 1
7541 7541 1
6642 6642 1
5450 5450 1
6211 6211 1
9645 9645 1
9294 9294 1
6317 6317 1
8814 8814 1
8372 8372 1
7619 7619 1
7728 7728 1
7781 7781 1
7484 7484 1
5691 5691 1
7902 7902 1
8815 8815 1
7639 7639 1
6617 6617 1
5675 5675 1
6166 6166 1
5783 5783 1
5860 5860 1
 
9425 9425 1
8812 8812 1
8901 8901 1
7771 7771 1
7551 7551 1
6301 6301 1
8525 8525 1
7885 7885 1
6141 6141 1
8283 8283 1
8475 8475 1
5033 5033 1
8838 8838 1
8715 8715 1
8407 8407 1
10563 10563 1
8347 8347 1
10354 10354 1
7705 7705 1
8067 8067 1
8885 8885 1
6195 6195 1
8474 8474 1
9299 9299 1
5374 5374 1
 
7325 7325 1
7854 7854 1
7763 7763 1
6545 6545 1
6758 6758 1
6274 6274 1
8955 8955 1
8908 8908 1
8604 8604 1
6873 6873 1
10384 10384 1
7750 7750 1
8332 8332 1
7576 7576 1
7617 7617 1
11518 11518 1
8217 8217 1
6400 6400 1
9678 9678 1
6361 6361 1
8672 8672 1
7456 7456 1
9504 9504 1
7442 7442 1
6704 6704 1
 
8215 8215 1
8762 8762 1
6591 6591 1
7329 7329 1
8687 8687 1
8430 8430 1
8686 8686 1
10255 10255 1
6993 6993 1
9070 9070 1
6769 6769 1
10365 10365 1
10183 10183 1
6449 6449 1
8067 8067 1
6586 6586 1
7588 7588 1
6202 6202 1
8498 8498 1
7508 7508 1
7994 7994 1
7630 7630 1
11152 11152 1
6563 6563 1
9585 9585 1
 
8009 8009 1
8478 8478 1
7677 7677 1
7066 7066 1
8110 8110 1
8155 8155 1
7683 7683 1
8551 8551 1
5827 5827 1
9025 9025 1
8234 8234 1
10029 10029 1
9143 9143 1
8714 8714 1
6497 6497 1
7215 7215 1
7629 7629 1
9057 9057 1
6891 6891 1
7454 7454 1
9376 9376 1
10836 10836 1
7476 7476 1
8527 8527 1
7925 7925 1
 
9668 9668 1
7561 7561 1
10420 10420 1
6438 6438 1
8749 8749 1
10357 10357 1
8631 8631 1
8069 8069 1
7812 7812 1
7612 7612 1
7419 7419 1
8488 8488 1
9698 9698 1
11144 11144 1
10684 10684 1
9677 9677 1
12209 12209 1
6882 6882 1
8763 8763 1
10861 10861 1
9297 9297 1
8718 8718 1
10244 10244 1
8958 8958 1
9103 9103 1
 
3763 8389 0
3516 10480 0
3096 7880 0
2844 7035 0
3813 9653 0
4055 11802 0
2986 8851 0
3586 10794 0
2880 6900 0
3685 8147 0
2894 7974 0
3251 9126 0
3285 7393 0
2968 6978 0
3114 7635 0
3000 7928 0
3524 8026 0
3698 10016 0
3295 8087 0
2668 7012 0
3194 7992 0
3171 8479 0
3408 9814 0
3525 9593 0
3342 8904 0
 
1070 8926 0
1155 8354 0
1134 9131 0
1140 8965 0
1021 8512 0
973 7280 0
974 7080 0
1182 9684 0
1059 8160 0
1331 10012 0
1291 9266 0
1083 9767 0
989 8526 0
1149 9938 0
1187 9283 0
1199 10756 0
1183 9741 0
1121 9109 0
1081 8609 0
1026 9005 0
1122 9246 0
818 6566 0
1317 9866 0
1133 8473 0
1053 9034 0
 
===
