195 195 1
126 126 1
912 912 1
123 123 1
119 119 1
246 246 1
717 717 1
114 114 1
139 139 1
116 116 1
129 129 1
156 156 1
134 134 1
103 103 1
105 105 1
136 136 1
297 297 1
259 259 1
259 259 1
220 220 1
154 154 1
147 147 1
347 347 1
347 347 1
273 273 1
 
437 437 1
1003 1003 1
259 259 1
134 134 1
325 325 1
211 211 1
503 503 1
503 503 1
166 166 1
138 138 1
136 136 1
241 241 1
159 159 1
297 297 1
288 288 1
141 141 1
503 503 1
437 437 1
195 195 1
178 178 1
558 558 1
591 591 1
403 403 1
306 306 1
315 315 1
 
330 330 1
448 448 1
235 235 1
301 301 1
773 773 1
195 195 1
325 325 1
420 420 1
106 106 1
175 175 1
431 431 1
669 669 1
188 188 1
246 246 1
108 108 1
126 126 1
373 373 1
159 159 1
319 319 1
403 403 1
717 717 1
315 315 1
172 172 1
108 108 1
569 569 1
 
414 414 1
234 234 1
605 605 1
781 781 1
1033 1033 1
678 678 1
564 564 1
402 402 1
1234 1234 1
503 503 1
928 928 1
916 916 1
623 623 1
447 447 1
161 161 1
466 466 1
312 312 1
252 252 1
614 614 1
120 120 1
237 237 1
444 444 1
359 359 1
335 335 1
1120 1120 1
 
583 583 1
297 297 1
849 849 1
376 376 1
386 386 1
493 493 1
383 383 1
326 326 1
414 414 1
508 508 1
437 437 1
308 308 1
707 707 1
357 357 1
407 407 1
385 385 1
845 845 1
928 928 1
481 481 1
373 373 1
387 387 1
264 264 1
769 769 1
661 661 1
743 743 1
 
816 816 1
672 672 1
267 267 1
219 219 1
684 684 1
450 450 1
879 879 1
208 208 1
250 250 1
249 249 1
277 277 1
989 989 1
580 580 1
495 495 1
602 602 1
433 433 1
258 258 1
1053 1053 1
359 359 1
1066 1066 1
350 350 1
988 988 1
853 853 1
453 453 1
609 609 1
 
1081 1081 1
676 676 1
686 686 1
450 450 1
923 923 1
215 215 1
794 794 1
625 625 1
327 327 1
403 403 1
748 748 1
238 238 1
709 709 1
1144 1144 1
625 625 1
423 423 1
624 624 1
269 269 1
909 909 1
609 609 1
890 890 1
1442 1442 1
1094 1094 1
679 679 1
1467 1467 1
 
918 918 1
567 567 1
861 861 1
703 703 1
690 690 1
716 716 1
626 626 1
517 517 1
1342 1342 1
447 447 1
1041 1041 1
486 486 1
747 747 1
744 744 1
367 367 1
467 467 1
594 594 1
1174 1174 1
787 787 1
625 625 1
851 851 1
1178 1178 1
520 520 1
1245 1245 1
627 627 1
 
1419 1419 1
1123 1123 1
1049 1049 1
497 497 1
661 661 1
422 422 1
513 513 1
429 429 1
600 600 1
454 454 1
704 704 1
445 445 1
1008 1008 1
480 480 1
508 508 1
397 397 1
560 560 1
1503 1503 1
1250 1250 1
588 588 1
2039 2039 1
480 480 1
1509 1509 1
1261 1261 1
686 686 1
 
944 944 1
829 829 1
1138 1138 1
760 760 1
859 859 1
1165 1165 1
1986 1986 1
1554 1554 1
1038 1038 1
418 418 1
525 525 1
1033 1033 1
475 475 1
1430 1430 1
473 473 1
431 431 1
629 629 1
454 454 1
1002 1002 1
689 689 1
1084 1084 1
706 706 1
1317 1317 1
1576 1576 1
743 743 1
 
723 723 1
1174 1174 1
813 813 1
763 763 1
1317 1317 1
1041 1041 1
841 841 1
718 718 1
536 536 1
1194 1194 1
484 484 1
501 501 1
522 522 1
734 734 1
814 814 1
2248 2248 1
1070 1070 1
380 380 1
1035 1035 1
1434 1434 1
764 764 1
757 757 1
943 943 1
1376 1376 1
1055 1055 1
 
1486 1486 1
1712 1712 1
1301 1301 1
755 755 1
1297 1297 1
935 935 1
915 915 1
991 991 1
981 981 1
1122 1122 1
790 790 1
1197 1197 1
916 916 1
1664 1664 1
1215 1215 1
1284 1284 1
793 793 1
448 448 1
1954 1954 1
799 799 1
1383 1383 1
744 744 1
1548 1548 1
1246 1246 1
1087 1087 1
 
797 797 1
844 844 1
1616 1616 1
1092 1092 1
912 912 1
853 853 1
1903 1903 1
496 496 1
1278 1278 1
918 918 1
1594 1594 1
1524 1524 1
1056 1056 1
1319 1319 1
1003 1003 1
768 768 1
853 853 1
770 770 1
1564 1564 1
662 662 1
742 742 1
1108 1108 1
759 759 1
915 915 1
799 799 1
 
1001 1001 1
1020 1020 1
746 746 1
1125 1125 1
1263 1263 1
1670 1670 1
996 996 1
1095 1095 1
1281 1281 1
2127 2127 1
944 944 1
1249 1249 1
808 808 1
698 698 1
654 654 1
825 825 1
735 735 1
1218 1218 1
730 730 1
944 944 1
897 897 1
1481 1481 1
836 836 1
1715 1715 1
900 900 1
 
1991 1991 1
1319 1319 1
1618 1618 1
996 996 1
658 658 1
1683 1683 1
859 859 1
921 921 1
635 635 1
1752 1752 1
1937 1937 1
1089 1089 1
1602 1602 1
1216 1216 1
1308 1308 1
647 647 1
1592 1592 1
1914 1914 1
701 701 1
1482 1482 1
1152 1152 1
2418 2418 1
786 786 1
666 666 1
1006 1006 1
 
1723 1723 1
1851 1851 1
1552 1552 1
2021 2021 1
838 838 1
879 879 1
1200 1200 1
1471 1471 1
1500 1500 1
1696 1696 1
773 773 1
948 948 1
1270 1270 1
1242 1242 1
791 791 1
3247 3247 1
1066 1066 1
1116 1116 1
1088 1088 1
1093 1093 1
856 856 1
1313 1313 1
1942 1942 1
1156 1156 1
1347 1347 1
 
1356 1356 1
2651 2651 1
681 681 1
1072 1072 1
1403 1403 1
1373 1373 1
1131 1131 1
1359 1359 1
1301 1301 1
1575 1575 1
835 835 1
1604 1604 1
1317 1317 1
1299 1299 1
1927 1927 1
1925 1925 1
1980 1980 1
2028 2028 1
1026 1026 1
979 979 1
961 961 1
2202 2202 1
1905 1905 1
1601 1601 1
2353 2353 1
 
1258 1258 1
1366 1366 1
955 955 1
947 947 1
1627 1627 1
2070 2070 1
903 903 1
1461 1461 1
1238 1238 1
914 914 1
1033 1033 1
1828 1828 1
922 922 1
2212 2212 1
2142 2142 1
1738 1738 1
1666 1666 1
2242 2242 1
1871 1871 1
1604 1604 1
989 989 1
1776 1776 1
1744 1744 1
822 822 1
906 906 1
 
2235 2235 1
1051 1051 1
1333 1333 1
1677 1677 1
1328 1328 1
1960 1960 1
1236 1236 1
2154 2154 1
1591 1591 1
1086 1086 1
1462 1462 1
1846 1846 1
1364 1364 1
1417 1417 1
891 891 1
1659 1659 1
1010 1010 1
2035 2035 1
1132 1132 1
1123 1123 1
1415 1415 1
2286 2286 1
1018 1018 1
1091 1091 1
936 936 1
 
1746 1746 1
1943 1943 1
1851 1851 1
1349 1349 1
2139 2139 1
1826 1826 1
1321 1321 1
1176 1176 1
1769 1769 1
1798 1798 1
1322 1322 1
931 931 1
1095 1095 1
1330 1330 1
1768 1768 1
1783 1783 1
2072 2072 1
1802 1802 1
2341 2341 1
2181 2181 1
1206 1206 1
1606 1606 1
1857 1857 1
2821 2821 1
1877 1877 1
 
2540 2540 1
2102 2102 1
1486 1486 1
1264 1264 1
916 916 1
1593 1593 1
1817 1817 1
1256 1256 1
1655 1655 1
1973 1973 1
1671 1671 1
1762 1762 1
2064 2064 1
1312 1312 1
2583 2583 1
2159 2159 1
1287 1287 1
2075 2075 1
2158 2158 1
1875 1875 1
930 930 1
2619 2619 1
1469 1469 1
2064 2064 1
1200 1200 1
 
1937 1937 1
1324 1324 1
1346 1346 1
2069 2069 1
1918 1918 1
1736 1736 1
1329 1329 1
1317 1317 1
2151 2151 1
2145 2145 1
1803 1803 1
1487 1487 1
2382 2382 1
1788 1788 1
1554 1554 1
1257 1257 1
1427 1427 1
1258 1258 1
1260 1260 1
1039 1039 1
1388 1388 1
1933 1933 1
1593 1593 1
1330 1330 1
2039 2039 1
 
1920 1920 1
2000 2000 1
1264 1264 1
1933 1933 1
1499 1499 1
1685 1685 1
2052 2052 1
2089 2089 1
1066 1066 1
1315 1315 1
2061 2061 1
1317 1317 1
1271 1271 1
1613 1613 1
1736 1736 1
2320 2320 1
1890 1890 1
2362 2362 1
2244 2244 1
1156 1156 1
2013 2013 1
1421 1421 1
2018 2018 1
1766 1766 1
2002 2002 1
 
2465 2465 1
3352 3352 1
1998 1998 1
1790 1790 1
1968 1968 1
2147 2147 1
2273 2273 1
1194 1194 1
1573 1573 1
1860 1860 1
1848 1848 1
1322 1322 1
1224 1224 1
2117 2117 1
1233 1233 1
1319 1319 1
3627 3627 1
2005 2005 1
2195 2195 1
1562 1562 1
2469 2469 1
2001 2001 1
1950 1950 1
2277 2277 1
2580 2580 1
 
1249 1249 1
3107 3107 1
2815 2815 1
1196 1196 1
1626 1626 1
1776 1776 1
1421 1421 1
1653 1653 1
1730 1730 1
2542 2542 1
2949 2949 1
1408 1408 1
1982 1982 1
3965 3965 1
2683 2683 1
1887 1887 1
1821 1821 1
2343 2343 1
2028 2028 1
2298 2298 1
1905 1905 1
2151 2151 1
1270 1270 1
1838 1838 1
1719 1719 1
 
1492 1492 1
1654 1654 1
2707 2707 1
1785 1785 1
3340 3340 1
2078 2078 1
1687 1687 1
2013 2013 1
1236 1236 1
2189 2189 1
1329 1329 1
2541 2541 1
1423 1423 1
1520 1520 1
1803 1803 1
1713 1713 1
1547 1547 1
2013 2013 1
2851 2851 1
1218 1218 1
1788 1788 1
2551 2551 1
1495 1495 1
1929 1929 1
1703 1703 1
 
2283 2283 1
3468 3468 1
2939 2939 1
1542 1542 1
2527 2527 1
2995 2995 1
2532 2532 1
2230 2230 1
2846 2846 1
2063 2063 1
2393 2393 1
1065 1065 1
2703 2703 1
1968 1968 1
2268 2268 1
3016 3016 1
2061 2061 1
1206 1206 1
1829 1829 1
2203 2203 1
2186 2186 1
3444 3444 1
1305 1305 1
1749 1749 1
1868 1868 1
 
2154 2154 1
1530 1530 1
4787 4787 1
2092 2093 0
2577 2577 1
2237 2237 1
2549 2549 1
2089 2089 1
2450 2450 1
1693 1693 1
2014 2014 1
1468 1468 1
1839 1839 1
2234 2234 1
1416 1416 1
1962 1962 1
1506 1506 1
1157 1157 1
2944 2944 1
2511 2511 1
1422 1422 1
2179 2179 1
1725 1725 1
1185 1185 1
2066 2066 1
 
1349 1349 1
1906 1906 1
1750 1750 1
2874 2874 1
1639 1639 1
2097 2097 1
2251 2251 1
2675 2675 1
2429 2429 1
2956 2957 0
1406 1406 1
1265 1265 1
2223 2223 1
2667 2667 1
2121 2121 1
2393 2393 1
2618 2618 1
2788 2788 1
3518 3518 1
3096 3096 1
2183 2183 1
2929 2929 1
2371 2371 1
3083 3083 1
1928 1928 1
 
2098 2098 1
2441 2441 1
2193 2193 1
3116 3116 1
2241 2241 1
1878 1879 0
2687 2687 1
2162 2162 1
2215 2215 1
2138 2138 1
2580 2580 1
1902 1902 1
2138 2138 1
3652 3653 0
2177 2177 1
1510 1510 1
2580 2580 1
1763 1763 1
1790 1790 1
1793 1793 1
2361 2361 1
3151 3151 1
1739 1741 0
2543 2543 1
2168 2168 1
 
2597 2597 1
2506 2506 1
2741 2741 1
1691 1691 1
1977 1977 1
2706 2706 1
2834 2834 1
2349 2349 1
2914 2914 1
2519 2519 1
2527 2528 0
1993 1993 1
1943 1943 1
2386 2386 1
1972 1972 1
1929 1929 1
1575 1575 1
2165 2166 0
3093 3093 1
1845 1845 1
2490 2490 1
2803 2803 1
2272 2272 1
2038 2039 0
3138 3138 1
 
1928 1928 1
1889 1889 1
2191 2191 1
3431 3431 1
2826 2827 0
2704 2705 0
2979 2979 1
3949 3949 1
2766 2767 0
1627 1628 0
2544 2544 1
2128 2128 1
2297 2297 1
2331 2331 1
2820 2820 1
2301 2301 1
1720 1721 0
2522 2522 1
2134 2134 1
2928 2928 1
3242 3242 1
2600 2600 1
3627 3627 1
2735 2736 0
1792 1793 0
 
3048 3048 1
2956 2956 1
2480 2481 0
3792 3792 1
1764 1764 1
2847 2850 0
1626 1629 0
2228 2230 0
1553 1553 1
2062 2062 1
1749 1750 0
3115 3115 1
3532 3532 1
2332 2332 1
2421 2421 1
3232 3232 1
3018 3018 1
2001 2003 0
3451 3451 1
2370 2371 0
4843 4846 0
1945 1945 1
2200 2202 0
1460 1462 0
1836 1838 0
 
2962 2964 0
2547 2547 1
2984 2986 0
4100 4100 1
2002 2009 0
1880 1880 1
2326 2326 1
2705 2708 0
2965 2965 1
2818 2819 0
1878 1889 0
2239 2240 0
3203 3205 0
3167 3167 1
2151 2151 1
2099 2109 0
2911 2916 0
2096 2100 0
2949 2949 1
2822 2832 0
2438 2439 0
2581 2581 1
2416 2426 0
2422 2427 0
1930 1941 0
 
3106 3106 1
2485 2485 1
2412 2412 1
2029 2043 0
3028 3032 0
2367 2382 0
3148 3150 0
1762 1763 0
2967 2971 0
3014 3014 1
1751 1756 0
3003 3012 0
2174 2178 0
3158 3158 1
2558 2566 0
2666 2669 0
2955 2957 0
3431 3448 0
3178 3190 0
2813 2822 0
2495 2510 0
1723 1725 0
3065 3097 0
2533 2533 1
1683 1684 0
 
3240 3259 0
2157 2182 0
2713 2746 0
2931 2933 0
3700 3735 0
2581 2613 0
3239 3240 0
2433 2442 0
2419 2422 0
2414 2427 0
1945 1970 0
3119 3125 0
2623 2631 0
2286 2290 0
3268 3279 0
1551 1590 0
2015 2039 0
2666 2669 0
2879 2894 0
3118 3135 0
2500 2504 0
2672 2673 0
3633 3636 0
1606 1607 0
2135 2140 0
 
2373 2419 0
2926 2939 0
3198 3236 0
2925 2947 0
2983 3062 0
2335 2353 0
2558 2576 0
2094 2104 0
2893 2912 0
2393 2416 0
3906 3930 0
2620 2666 0
2150 2166 0
1987 2019 0
2049 2054 0
3020 3021 0
3164 3173 0
2942 2969 0
2783 2832 0
3269 3279 0
3772 3879 0
1715 1779 0
2708 2758 0
2925 2934 0
3268 3273 0
 
3530 3566 0
3002 3009 0
2215 2227 0
3535 3606 0
1910 2037 0
1869 1976 0
3089 3133 0
3808 3867 0
2536 2595 0
3449 3486 0
2903 2956 0
2494 2513 0
2325 2379 0
3422 3513 0
2114 2203 0
2310 2362 0
3389 3407 0
2149 2243 0
3286 3303 0
2883 2895 0
3876 3912 0
3470 3559 0
5156 5203 0
2901 3071 0
2691 2705 0
 
1841 1919 0
2211 2302 0
2394 2709 0
2961 3007 0
3140 3302 0
1925 2055 0
2570 2689 0
2606 2664 0
2448 2625 0
3008 3038 0
2884 3049 0
2122 2218 0
2610 2743 0
3075 3161 0
2828 3151 0
2477 2596 0
2259 2457 0
3961 4077 0
2824 2881 0
2393 2479 0
3630 3782 0
2125 2224 0
3924 4082 0
3667 3730 0
3109 3134 0
 
2611 2828 0
2982 3078 0
2254 2507 0
2468 2658 0
2514 2750 0
2542 2776 0
2123 2322 0
5166 5730 0
3081 3479 0
2734 3120 0
2404 2498 0
3830 4025 0
4276 4450 0
4342 4667 0
2633 2839 0
3242 3508 0
2338 2499 0
2399 2607 0
2172 2470 0
2367 2602 0
3524 3796 0
3059 3425 0
2934 3330 0
2656 2909 0
2947 3301 0
 
638 5272 0
677 2987 0
891 4127 0
971 4209 0
413 3151 0
865 3239 0
649 2993 0
490 3057 0
737 3118 0
433 2102 0
860 3690 0
525 2328 0
523 2625 0
695 2544 0
412 2892 0
510 2667 0
731 3682 0
627 2840 0
1008 4301 0
651 3983 0
625 2854 0
948 4038 0
734 3885 0
826 3760 0
888 4347 0
 
191 2264 0
381 3490 0
333 3586 0
150 2298 0
305 4108 0
169 2035 0
267 3211 0
189 2730 0
230 2545 0
358 4455 0
324 3752 0
166 4005 0
453 3841 0
266 3984 0
256 2777 0
208 2472 0
281 3719 0
196 2942 0
357 3927 0
288 2866 0
244 3260 0
277 3655 0
178 2292 0
288 3262 0
230 3011 0
 
===
