869 869 1
934 934 1
1115 1115 1
813 813 1
1210 1210 1
649 649 1
1838 1838 1
775 775 1
1688 1688 1
964 964 1
988 988 1
984 984 1
1812 1812 1
1577 1577 1
677 677 1
854 854 1
981 981 1
649 649 1
1065 1065 1
845 845 1
1034 1034 1
1069 1069 1
1073 1073 1
826 826 1
562 562 1
 
2692 2692 1
1635 1635 1
1978 1978 1
1758 1758 1
2502 2502 1
2920 2920 1
2630 2630 1
3087 3087 1
2261 2261 1
1652 1652 1
2179 2179 1
1773 1773 1
1188 1188 1
1367 1367 1
1081 1081 1
1387 1387 1
1586 1586 1
1788 1788 1
2415 2415 1
1886 1886 1
2271 2271 1
2061 2061 1
3749 3749 1
1711 1711 1
1640 1640 1
 
4161 4161 1
4194 4194 1
3571 3571 1
4198 4198 1
4133 4133 1
2566 2566 1
3306 3306 1
3612 3612 1
5967 5967 1
2499 2499 1
2791 2791 1
3352 3352 1
2936 2936 1
4759 4759 1
2294 2294 1
2279 2279 1
3564 3564 1
3749 3749 1
4872 4872 1
3692 3692 1
2978 2978 1
3036 3036 1
2572 2572 1
2547 2547 1
5230 5230 1
 
2843 2843 1
3403 3403 1
5173 5173 1
3550 3550 1
4255 4255 1
3058 3058 1
4935 4935 1
3730 3730 1
4252 4252 1
3491 3491 1
4679 4679 1
4593 4593 1
3826 3826 1
6203 6203 1
4098 4098 1
3515 3515 1
3584 3584 1
4721 4721 1
6148 6148 1
5725 5725 1
4035 4035 1
7823 7823 1
3873 3873 1
3616 3616 1
3659 3659 1
 
4514 4514 1
5140 5140 1
4137 4137 1
7228 7228 1
4892 4892 1
4263 4263 1
5933 5933 1
5936 5936 1
4752 4752 1
4213 4213 1
3722 3722 1
4309 4309 1
6601 6601 1
5686 5686 1
5272 5272 1
5454 5454 1
4972 4972 1
5155 5155 1
6239 6239 1
5202 5202 1
3987 3987 1
6057 6057 1
4991 4991 1
4615 4615 1
5071 5071 1
 
6070 6070 1
4542 4542 1
5381 5381 1
6835 6835 1
6322 6322 1
5385 5385 1
7846 7846 1
4455 4455 1
5672 5672 1
5915 5915 1
4359 4359 1
3855 3855 1
6376 6376 1
6289 6289 1
6988 6988 1
6089 6089 1
4968 4968 1
6158 6158 1
5358 5358 1
5037 5037 1
6875 6875 1
8984 8984 1
6805 6805 1
5443 5443 1
4684 4684 1
 
6832 6832 1
6277 6277 1
7611 7611 1
6343 6343 1
7574 7574 1
8444 8444 1
6970 6970 1
10804 10804 1
9379 9379 1
9844 9844 1
6907 6907 1
6510 6510 1
6888 6888 1
7396 7396 1
4768 4768 1
7122 7122 1
9380 9380 1
7007 7007 1
7799 7799 1
8252 8252 1
8159 8159 1
8550 8550 1
9568 9568 1
5630 5630 1
7768 7768 1
 
5938 5938 1
10915 10915 1
8986 8986 1
7414 7414 1
7278 7278 1
7209 7209 1
9039 9039 1
9001 9001 1
8873 8873 1
9933 9933 1
6331 6331 1
9961 9961 1
8230 8230 1
8777 8777 1
7753 7753 1
8181 8181 1
8432 8432 1
9630 9630 1
10596 10596 1
8965 8965 1
6882 6882 1
8145 8145 1
8603 8603 1
9128 9128 1
6499 6499 1
 
9898 9898 1
8651 8651 1
8352 8352 1
10192 10192 1
9011 9011 1
8244 8244 1
7680 7680 1
9917 9917 1
8139 8139 1
11153 11153 1
11536 11536 1
9773 9773 1
9230 9230 1
11507 11507 1
10068 10068 1
9594 9594 1
9339 9339 1
8981 8981 1
15090 15090 1
11032 11032 1
8649 8649 1
8509 8509 1
8767 8767 1
8519 8519 1
9064 9064 1
 
13021 13021 1
11448 11448 1
9446 9446 1
13149 13149 1
9783 9783 1
13562 13562 1
9987 9987 1
10811 10811 1
11857 11857 1
9530 9530 1
12561 12561 1
12699 12699 1
9121 9121 1
12387 12387 1
9040 9040 1
12731 12731 1
9656 9656 1
10735 10735 1
11018 11018 1
10006 10006 1
9653 9653 1
11941 11941 1
10384 10384 1
12836 12836 1
9044 9044 1
 
12211 12211 1
15932 15932 1
12297 12297 1
12167 12167 1
10960 10960 1
13647 13647 1
10406 10406 1
14649 14649 1
10682 10682 1
10913 10913 1
15187 15187 1
15124 15124 1
10269 10269 1
12968 12968 1
10977 10977 1
12413 12413 1
10987 10987 1
10866 10866 1
12303 12303 1
9228 9228 1
13260 13260 1
9689 9689 1
12722 12722 1
10309 10309 1
11564 11564 1
 
16295 16295 1
13816 13816 1
14725 14725 1
13044 13044 1
16675 16675 1
14122 14122 1
13777 13777 1
11931 11931 1
12810 12810 1
15169 15169 1
12603 12603 1
12062 12062 1
13561 13561 1
12813 12813 1
10782 10782 1
13299 13299 1
14733 14733 1
13288 13288 1
17306 17306 1
10324 10324 1
11137 11137 1
13522 13522 1
13401 13401 1
11218 11218 1
11739 11739 1
 
13864 13864 1
14031 14031 1
14356 14356 1
14328 14328 1
13717 13717 1
12341 12341 1
13481 13481 1
13543 13543 1
11629 11629 1
14166 14166 1
17688 17688 1
10130 10130 1
15140 15140 1
17250 17250 1
14491 14491 1
16508 16508 1
12563 12563 1
14561 14561 1
10650 10650 1
15165 15165 1
12926 12926 1
14465 14465 1
17885 17885 1
15691 15691 1
12571 12571 1
 
16586 16586 1
14167 14167 1
15734 15734 1
16161 16161 1
17908 17908 1
16304 16304 1
14996 14996 1
13502 13502 1
13793 13793 1
18748 18748 1
15264 15264 1
14996 14996 1
15638 15638 1
13715 13715 1
14160 14160 1
16973 16973 1
15900 15900 1
15867 15867 1
13637 13637 1
15992 15992 1
17185 17185 1
16299 16299 1
17703 17703 1
14407 14407 1
13544 13544 1
 
15457 15457 1
19334 19334 1
16979 16979 1
15229 15229 1
15998 15998 1
15533 15533 1
13936 13936 1
16551 16551 1
16330 16330 1
14970 14970 1
18052 18052 1
17318 17318 1
16665 16665 1
24268 24268 1
12878 12878 1
14931 14931 1
19324 19324 1
16379 16379 1
15976 15976 1
13298 13298 1
18550 18550 1
14238 14238 1
19075 19075 1
15054 15054 1
13592 13592 1
 
15455 15455 1
16908 16908 1
14905 14905 1
15901 15901 1
20429 20429 1
16653 16653 1
21565 21565 1
18881 18881 1
18161 18161 1
15108 15108 1
16778 16778 1
15450 15450 1
16435 16435 1
14935 14935 1
15281 15281 1
18406 18406 1
16891 16891 1
16043 16043 1
16370 16370 1
16674 16674 1
17982 17982 1
16869 16869 1
16450 16450 1
19277 19277 1
18889 18889 1
 
24608 24608 1
33818 33818 1
22019 22019 1
15528 15528 1
22393 22393 1
15871 15871 1
20338 20338 1
17102 17102 1
16917 16917 1
22601 22601 1
17159 17159 1
21566 21566 1
18827 18827 1
19714 19714 1
18068 18068 1
23003 23003 1
17857 17857 1
17136 17136 1
19081 19081 1
21749 21749 1
17351 17351 1
18661 18661 1
18785 18785 1
18996 18996 1
18189 18189 1
 
15748 15748 1
18474 18474 1
16415 16415 1
20048 20048 1
16385 16385 1
16988 16988 1
20938 20938 1
21086 21086 1
17582 17582 1
17583 17583 1
18670 18670 1
16576 16576 1
20446 20446 1
18529 18529 1
24657 24657 1
22380 22380 1
17836 17836 1
21523 21523 1
22258 22258 1
22822 22822 1
20904 20904 1
21034 21034 1
19856 19856 1
18368 18368 1
20128 20128 1
 
18860 18860 1
20596 20596 1
17115 17115 1
20459 20459 1
16347 16347 1
22600 22600 1
19296 19296 1
19862 19862 1
20880 20880 1
19631 19631 1
21291 21291 1
22230 22230 1
23408 23408 1
21242 21242 1
22180 22180 1
20428 20428 1
17900 17900 1
17967 17967 1
42235 42235 1
24930 24930 1
22394 22394 1
24609 24609 1
24979 24979 1
20083 20083 1
20827 20827 1
 
28310 28310 1
23469 23469 1
23433 23433 1
21349 21349 1
21491 21491 1
19362 19362 1
21362 21362 1
19267 19267 1
22854 22854 1
21947 21947 1
17878 17878 1
25873 25873 1
23074 23074 1
21620 21620 1
19326 19326 1
21281 21281 1
20994 20994 1
21897 21897 1
21685 21685 1
21285 21285 1
18345 18345 1
24095 24095 1
17146 17146 1
38279 38279 1
22568 22568 1
 
23890 23890 1
24297 24297 1
21756 21756 1
23122 23122 1
28799 28799 1
20755 20755 1
22165 22165 1
25930 25930 1
23953 23953 1
22382 22382 1
21315 21315 1
20250 20250 1
23691 23691 1
25170 25170 1
20904 20904 1
21784 21784 1
21285 21285 1
26482 26482 1
18018 18018 1
22515 22515 1
22440 22440 1
23825 23825 1
22049 22049 1
21344 21344 1
24529 24529 1
 
19334 19334 1
20071 20071 1
26390 26390 1
22997 22997 1
29680 29680 1
27684 27684 1
30134 30134 1
27750 27750 1
24121 24121 1
30407 30407 1
20219 20219 1
24373 24373 1
22713 22713 1
25978 25978 1
22546 22546 1
20913 20913 1
20632 20632 1
21528 21528 1
21475 21475 1
27464 27464 1
24800 24800 1
19834 19834 1
21389 21389 1
25493 25493 1
25370 25370 1
 
21979 21979 1
21371 21371 1
23352 23352 1
25529 25529 1
34372 34372 1
27123 27123 1
24430 24430 1
25167 25167 1
25151 25151 1
23885 23885 1
30367 30367 1
25534 25534 1
22262 22262 1
27384 27384 1
27318 27318 1
25035 25035 1
24412 24412 1
24117 24117 1
25793 25793 1
21710 21710 1
22575 22575 1
27354 27354 1
23887 23887 1
20826 20826 1
24008 24008 1
 
27884 27884 1
26908 26908 1
27566 27566 1
23416 23416 1
27103 27103 1
55184 55184 1
24495 24495 1
28633 28633 1
25179 25179 1
25671 25671 1
25793 25793 1
26292 26292 1
28040 28040 1
25139 25139 1
22437 22437 1
29818 29818 1
28091 28091 1
19040 19040 1
27231 27231 1
32313 32313 1
21946 21946 1
25991 25991 1
23035 23035 1
24214 24214 1
23104 23104 1
 
23155 23155 1
31607 31607 1
22772 22772 1
23365 23365 1
28453 28453 1
50339 50339 1
29456 29456 1
26066 26066 1
29313 29313 1
29608 29608 1
26939 26939 1
25276 25276 1
22170 22170 1
21896 21896 1
26767 26767 1
27735 27735 1
27728 27728 1
30751 30751 1
22591 22591 1
27388 27388 1
23999 23999 1
23789 23789 1
23800 23800 1
29160 29160 1
23239 23239 1
 
26079 26079 1
22506 22506 1
25338 25338 1
30127 30127 1
24682 24682 1
31664 31664 1
34258 34258 1
24521 24521 1
36481 36481 1
34654 34654 1
30692 30692 1
24606 24606 1
31521 31521 1
26765 26765 1
30761 30761 1
26510 26510 1
28169 28169 1
27654 27654 1
25997 25997 1
27466 27466 1
24742 24742 1
26383 26383 1
28043 28043 1
29482 29482 1
28144 28144 1
 
32214 32214 1
30574 30574 1
27949 27949 1
30736 30736 1
29851 29851 1
36565 36565 1
36536 36536 1
33338 33338 1
26633 26633 1
32235 32235 1
30496 30496 1
30730 30730 1
28596 28596 1
30122 30122 1
34688 34688 1
33326 33326 1
32717 32717 1
23611 23611 1
29278 29278 1
29710 29710 1
27758 27758 1
31624 31624 1
24848 24848 1
32484 32484 1
30006 30006 1
 
69536 69536 1
33059 33059 1
33659 33659 1
34862 34862 1
31093 31093 1
30834 30834 1
29634 29634 1
30226 30226 1
30162 30162 1
34231 34231 1
31834 31834 1
27514 27514 1
32459 32459 1
26228 26228 1
28223 28223 1
28081 28081 1
28329 28329 1
26564 26564 1
31882 31882 1
28427 28427 1
27113 27113 1
29813 29813 1
66810 66810 1
37760 37760 1
36549 36549 1
 
35686 35686 1
28829 28829 1
33601 33601 1
30318 30318 1
35863 35863 1
29144 29144 1
26368 26368 1
31662 31662 1
24813 24813 1
28048 28048 1
30604 30604 1
29548 29548 1
30441 30441 1
29853 29853 1
35753 35753 1
30258 30258 1
28105 28105 1
32671 32671 1
59394 59394 1
33183 33183 1
32914 32914 1
33010 33010 1
35089 35089 1
34606 34606 1
31020 31020 1
 
31280 31280 1
32734 32734 1
32412 32412 1
31341 31341 1
31058 31058 1
27750 27750 1
33612 33612 1
29021 29021 1
32134 32134 1
31393 31393 1
31480 31480 1
30416 30416 1
35614 35614 1
35958 35958 1
33086 33086 1
36789 36789 1
29853 29853 1
28415 28415 1
37257 37257 1
38427 38427 1
27533 27533 1
33934 33934 1
29983 29983 1
34889 34889 1
31991 31991 1
 
31639 31639 1
30223 30223 1
32768 32768 1
28153 28153 1
35207 35207 1
32820 32820 1
32473 32473 1
36204 36204 1
32924 32924 1
40358 40358 1
42185 42185 1
35868 35868 1
37904 37904 1
33489 33489 1
37684 37684 1
35089 35089 1
33094 33094 1
35760 35760 1
32902 32902 1
29716 29716 1
36036 36036 1
26767 26767 1
30416 30416 1
39025 39025 1
32430 32430 1
 
32795 32795 1
28739 28739 1
32361 32361 1
56810 56810 1
38804 38804 1
36696 36696 1
37179 37179 1
42052 42052 1
35308 35308 1
40066 40066 1
33612 33612 1
34507 34507 1
36573 36573 1
38125 38125 1
37253 37253 1
33403 33403 1
38045 38045 1
36196 36196 1
35546 35546 1
32043 32043 1
34026 34026 1
33553 33553 1
90009 90009 1
38905 38905 1
34567 34567 1
 
32122 32122 1
40026 40026 1
40814 40814 1
30443 30443 1
34956 34956 1
44518 44518 1
33268 33268 1
31402 31402 1
32080 32080 1
34444 34444 1
32609 32609 1
32864 32864 1
36255 36255 1
34080 34080 1
38699 38699 1
35520 35520 1
69620 69620 1
38848 38848 1
44409 44409 1
39026 39026 1
36424 36424 1
41444 41444 1
32311 32311 1
29482 29482 1
41061 41061 1
 
32624 32624 1
37555 37555 1
42159 42159 1
37272 37272 1
37836 37836 1
35101 35101 1
38484 38484 1
35581 35581 1
34618 34618 1
59850 59850 1
34035 34035 1
40492 40492 1
42162 42162 1
35826 35826 1
36347 36347 1
34717 34717 1
37825 37825 1
35094 35094 1
32283 32283 1
31012 31012 1
37977 37977 1
31308 31308 1
35193 35193 1
38170 38170 1
38226 38226 1
 
37131 37131 1
39270 39270 1
75296 75296 1
40017 40017 1
49667 49667 1
43623 43623 1
44552 44552 1
46507 46507 1
34229 34229 1
34889 34889 1
35224 35224 1
36225 36225 1
37886 37886 1
31888 31888 1
34504 34504 1
36737 36737 1
36508 36508 1
33572 33572 1
36521 36521 1
39554 39554 1
108169 108169 1
43654 43654 1
38177 38177 1
43148 43148 1
40448 40448 1
 
37323 37323 1
37412 37412 1
35663 35663 1
36526 36526 1
36770 36770 1
38985 38985 1
39267 39267 1
35064 35064 1
35727 35727 1
37968 37968 1
37894 37894 1
39062 39062 1
108444 108444 1
45079 45079 1
40973 40973 1
38372 38372 1
39531 39531 1
38590 38590 1
36424 36424 1
40046 40046 1
37276 37276 1
39458 39458 1
39905 39905 1
41679 41679 1
38653 38653 1
 
38364 38364 1
43588 43588 1
39875 39875 1
38554 38554 1
114438 114438 1
41732 41732 1
59591 59591 1
45489 45489 1
40575 40575 1
38336 38336 1
38696 38696 1
40259 40259 1
36897 36897 1
42236 42236 1
39860 39860 1
37049 37049 1
36489 36489 1
38625 38625 1
46366 46366 1
37412 37412 1
41200 41200 1
45494 45494 1
42709 42709 1
39486 39486 1
38888 38888 1
 
48860 48860 1
36673 36673 1
52211 52211 1
45667 45667 1
42485 42485 1
35060 35060 1
43071 43071 1
42456 42456 1
43666 43666 1
41546 41546 1
42449 42449 1
42716 42716 1
44135 44135 1
45202 45202 1
44097 44097 1
45509 45509 1
48969 48969 1
38512 38512 1
42170 42170 1
38338 38338 1
40045 40045 1
40202 40202 1
39078 39078 1
45864 45864 1
40332 40332 1
 
42448 42448 1
38004 38004 1
43115 43115 1
83576 83576 1
54362 54362 1
47524 47524 1
43550 43550 1
42393 42393 1
41685 41685 1
37409 37409 1
44320 44320 1
39553 39553 1
41891 41891 1
40595 40595 1
36395 36395 1
46167 46167 1
42860 42860 1
38902 38902 1
42959 42959 1
51631 51631 1
45614 45614 1
44224 44224 1
45004 45004 1
39859 39859 1
40065 40065 1
 
41993 41993 1
44195 44195 1
42903 42903 1
40717 40717 1
36498 36498 1
41858 41858 1
43276 43276 1
42839 42839 1
39879 39879 1
36245 36245 1
49923 49923 1
49714 49714 1
43648 43648 1
50994 50994 1
48786 48786 1
38135 38135 1
38903 38903 1
40999 40999 1
41815 41815 1
39634 39634 1
39868 39868 1
42131 42131 1
44072 44072 1
42407 42407 1
45253 45253 1
 
24630 56138 0
15415 41964 0
14738 38131 0
15793 41226 0
13159 35764 0
12519 33521 0
12642 34591 0
12331 33405 0
11726 33405 0
13451 33406 0
13119 33426 0
12526 33234 0
13336 33528 0
11374 33423 0
12345 33437 0
24036 63211 0
13195 37129 0
13815 37179 0
14414 36726 0
13694 36693 0
12774 33795 0
13179 33979 0
12769 33847 0
12689 33360 0
13028 33419 0
 
5209 33358 0
5202 33372 0
5275 33058 0
5251 33114 0
5530 33344 0
7211 44386 0
6304 36880 0
6494 36844 0
6302 36765 0
5943 33583 0
5573 33775 0
4998 33029 0
5468 33693 0
5532 33848 0
5488 33398 0
5281 34363 0
5280 32994 0
5862 33222 0
5365 33262 0
11104 66210 0
6192 38981 0
6242 36291 0
5564 36344 0
5777 36642 0
5357 33681 0
 
===
