273 273 1
457 457 1
109 109 1
503 503 1
387 387 1
122 122 1
161 161 1
207 207 1
123 123 1
123 123 1
136 136 1
373 373 1
188 188 1
451 451 1
669 669 1
336 336 1
306 306 1
112 112 1
220 220 1
184 184 1
772 772 1
278 278 1
912 912 1
360 360 1
635 635 1
 
537 537 1
349 349 1
247 247 1
382 382 1
732 732 1
1175 1175 1
498 498 1
264 264 1
285 285 1
226 226 1
457 457 1
227 227 1
1445 1445 1
617 617 1
1256 1256 1
411 411 1
559 559 1
645 645 1
1365 1365 1
272 272 1
211 211 1
444 444 1
291 291 1
756 756 1
350 350 1
 
935 935 1
420 420 1
577 577 1
508 508 1
610 610 1
408 408 1
1307 1307 1
719 719 1
546 546 1
557 557 1
469 469 1
637 637 1
881 881 1
514 514 1
380 380 1
288 288 1
534 534 1
621 621 1
1278 1278 1
401 401 1
384 384 1
1190 1190 1
291 291 1
760 760 1
1623 1623 1
 
1365 1365 1
562 562 1
529 529 1
568 568 1
624 624 1
1654 1654 1
1301 1301 1
706 706 1
884 884 1
651 651 1
969 969 1
1749 1749 1
608 608 1
1392 1392 1
452 452 1
817 817 1
419 419 1
617 617 1
799 799 1
1215 1215 1
816 816 1
1060 1060 1
958 958 1
1710 1710 1
849 849 1
 
688 688 1
2542 2542 1
1118 1118 1
769 769 1
979 979 1
515 515 1
1826 1826 1
1008 1008 1
1879 1879 1
1308 1308 1
2441 2441 1
1082 1082 1
2052 2052 1
875 875 1
1980 1980 1
1159 1159 1
1476 1476 1
1004 1004 1
716 716 1
864 864 1
1262 1262 1
791 791 1
1101 1101 1
1010 1010 1
1850 1850 1
 
1140 1140 1
1679 1679 1
1215 1215 1
559 559 1
1579 1579 1
2087 2087 1
1125 1125 1
1660 1660 1
1274 1274 1
1819 1819 1
1264 1264 1
839 839 1
971 971 1
2245 2245 1
1424 1424 1
892 892 1
1321 1321 1
623 623 1
1309 1309 1
1286 1286 1
906 906 1
1259 1259 1
1121 1121 1
1369 1369 1
1445 1445 1
 
755 755 1
1267 1267 1
1997 1997 1
1746 1746 1
1236 1236 1
1515 1515 1
1974 1974 1
2108 2108 1
1109 1109 1
2005 2005 1
2680 2680 1
833 833 1
1553 1553 1
1749 1749 1
1109 1109 1
3052 3052 1
2122 2122 1
1459 1459 1
2011 2011 1
1953 1953 1
2621 2621 1
1824 1824 1
1137 1137 1
1450 1450 1
1864 1864 1
 
1398 1398 1
2345 2345 1
3316 3316 1
1831 1831 1
1514 1514 1
2244 2244 1
2221 2221 1
1805 1805 1
893 893 1
1677 1677 1
1238 1238 1
3046 3046 1
2157 2157 1
2177 2177 1
1690 1690 1
2085 2085 1
2519 2519 1
1264 1264 1
2308 2308 1
1004 1004 1
1567 1567 1
2468 2468 1
1171 1171 1
1496 1496 1
1767 1767 1
 
1365 1365 1
1763 1763 1
1337 1337 1
2602 2602 1
2265 2265 1
1880 1880 1
1573 1573 1
1310 1310 1
1903 1903 1
2682 2682 1
1684 1684 1
2321 2321 1
1703 1703 1
1410 1410 1
1404 1404 1
2249 2249 1
1642 1642 1
2499 2499 1
1904 1904 1
2068 2068 1
1895 1895 1
2864 2864 1
1366 1366 1
2234 2234 1
3124 3124 1
 
1898 1898 1
2258 2258 1
2939 2939 1
2901 2901 1
2948 2948 1
1819 1819 1
2255 2255 1
2536 2536 1
3163 3163 1
2678 2678 1
1930 1930 1
2758 2758 1
3623 3623 1
2598 2598 1
2574 2574 1
2698 2698 1
2029 2029 1
2779 2779 1
3469 3469 1
2301 2301 1
1763 1763 1
1647 1647 1
1848 1848 1
2381 2381 1
2282 2282 1
 
3036 3036 1
1399 1399 1
3898 3898 1
3666 3666 1
1619 1619 1
2283 2283 1
2297 2297 1
2381 2381 1
2557 2557 1
2408 2408 1
1724 1724 1
1944 1944 1
2574 2574 1
2642 2642 1
2347 2347 1
1815 1815 1
2138 2138 1
1828 1828 1
1974 1974 1
1182 1182 1
1742 1742 1
1724 1724 1
2217 2217 1
1947 1947 1
2174 2174 1
 
1772 1772 1
5091 5091 1
3065 3065 1
2031 2031 1
3279 3279 1
2202 2202 1
4505 4505 1
3053 3053 1
4021 4021 1
2115 2115 1
1706 1706 1
2487 2487 1
2575 2575 1
2252 2252 1
2119 2119 1
4330 4330 1
2956 2956 1
2196 2196 1
3631 3631 1
3499 3499 1
2155 2155 1
1774 1774 1
1618 1618 1
1472 1472 1
1867 1867 1
 
2805 2805 1
1464 1464 1
3282 3282 1
2690 2690 1
2703 2703 1
2234 2234 1
2219 2219 1
2129 2129 1
2980 2980 1
3198 3198 1
2796 2796 1
2455 2455 1
2760 2760 1
3124 3124 1
2137 2137 1
2364 2364 1
1883 1883 1
2642 2642 1
1466 1466 1
2541 2541 1
2587 2587 1
2362 2362 1
2886 2886 1
3023 3023 1
1829 1829 1
 
2670 2670 1
2651 2651 1
2697 2697 1
2347 2347 1
3112 3112 1
2713 2713 1
3701 3701 1
3443 3443 1
2922 2922 1
3642 3642 1
3194 3194 1
4407 4407 1
2554 2554 1
3679 3679 1
2588 2588 1
3754 3754 1
1938 1938 1
2627 2627 1
3501 3501 1
2391 2391 1
2594 2594 1
2918 2918 1
3727 3727 1
3133 3133 1
2491 2491 1
 
2732 2732 1
3051 3051 1
5462 5462 1
1874 1874 1
2992 2992 1
3325 3325 1
3778 3778 1
4698 4698 1
2668 2668 1
4002 4002 1
3258 3258 1
2568 2568 1
2691 2691 1
3749 3749 1
3613 3613 1
2642 2642 1
3400 3400 1
2700 2700 1
2763 2763 1
4105 4105 1
2810 2810 1
4006 4006 1
2991 2991 1
2933 2933 1
3076 3076 1
 
3723 3723 1
2917 2917 1
3388 3388 1
3464 3464 1
1857 1857 1
2738 2738 1
2844 2844 1
3098 3098 1
5176 5176 1
4381 4381 1
3904 3904 1
4063 4063 1
3630 3630 1
3686 3686 1
2865 2865 1
3783 3783 1
3947 3947 1
4219 4219 1
2680 2680 1
3754 3754 1
3855 3855 1
3797 3797 1
2113 2113 1
2990 2990 1
4967 4967 1
 
2681 2681 1
3894 3894 1
5973 5973 1
2627 2627 1
2664 2664 1
3812 3812 1
3557 3557 1
3120 3120 1
3480 3480 1
3909 3909 1
3679 3679 1
5982 5982 1
4704 4704 1
3293 3293 1
4007 4007 1
4517 4517 1
3478 3478 1
3168 3168 1
5833 5833 1
3472 3472 1
3501 3501 1
3584 3584 1
3212 3212 1
2858 2858 1
2543 2543 1
 
3571 3571 1
2785 2785 1
3274 3274 1
5287 5287 1
4513 4513 1
3880 3880 1
2680 2680 1
3858 3858 1
3413 3413 1
3642 3642 1
3142 3142 1
3025 3025 1
3927 3927 1
3316 3316 1
4175 4175 1
3538 3538 1
3716 3716 1
3550 3550 1
3075 3075 1
3830 3830 1
3578 3578 1
3589 3589 1
3816 3816 1
5544 5544 1
4280 4280 1
 
4039 4039 1
3332 3332 1
3343 3343 1
2737 2737 1
3693 3693 1
5215 5215 1
3793 3793 1
3387 3387 1
3727 3727 1
4683 4683 1
3009 3009 1
3102 3102 1
4586 4586 1
5204 5204 1
5318 5318 1
4181 4181 1
3583 3583 1
5704 5704 1
3963 3963 1
3950 3950 1
4106 4106 1
3849 3849 1
4627 4627 1
4480 4480 1
3472 3472 1
 
4359 4359 1
3839 3839 1
3539 3539 1
3408 3408 1
4812 4812 1
4525 4525 1
5866 5866 1
4757 4757 1
2986 2986 1
4171 4171 1
4690 4690 1
4253 4253 1
3800 3800 1
4603 4603 1
3429 3429 1
3838 3838 1
4351 4351 1
4918 4918 1
5207 5207 1
4182 4182 1
5725 5725 1
4136 4136 1
4101 4101 1
4770 4770 1
5120 5120 1
 
4069 4069 1
3909 3909 1
3539 3539 1
5363 5363 1
3325 3325 1
3706 3706 1
3288 3288 1
3825 3825 1
5942 5942 1
4099 4099 1
4389 4389 1
4495 4495 1
4363 4363 1
3942 3942 1
3693 3693 1
4497 4497 1
4478 4478 1
4727 4727 1
5902 5902 1
4631 4631 1
3266 3266 1
4462 4462 1
4103 4103 1
3996 3996 1
4668 4668 1
 
6298 6298 1
6024 6024 1
4705 4705 1
4867 4867 1
4457 4457 1
5134 5134 1
4936 4936 1
4566 4566 1
3743 3743 1
5323 5323 1
5498 5498 1
3357 3357 1
4737 4737 1
4958 4958 1
6820 6820 1
5148 5148 1
6576 6576 1
4402 4402 1
5373 5373 1
5025 5025 1
4597 4597 1
4056 4056 1
5048 5048 1
7480 7480 1
4082 4082 1
 
4137 4137 1
5699 5699 1
4317 4317 1
3512 3512 1
7223 7223 1
4974 4974 1
3787 3787 1
4321 4321 1
6538 6538 1
4998 4998 1
6469 6469 1
5884 5884 1
5851 5851 1
4432 4432 1
4760 4760 1
4919 4919 1
4675 4675 1
3563 3563 1
5613 5613 1
4221 4221 1
4248 4248 1
5907 5907 1
5053 5053 1
4345 4345 1
5607 5607 1
 
4932 4932 1
5747 5747 1
5413 5413 1
4593 4593 1
4621 4621 1
5489 5489 1
5125 5125 1
5802 5802 1
5421 5421 1
5623 5623 1
4071 4071 1
4297 4297 1
4403 4403 1
4842 4842 1
5145 5145 1
5727 5727 1
5328 5328 1
4993 4993 1
5705 5705 1
6713 6713 1
7040 7040 1
5664 5664 1
3733 3733 1
5506 5506 1
4940 4940 1
 
4707 4707 1
6628 6628 1
4490 4490 1
6494 6494 1
4018 4018 1
4450 4450 1
3326 3326 1
6187 6187 1
4135 4135 1
5396 5396 1
5419 5419 1
6295 6295 1
4764 4764 1
6285 6285 1
4733 4733 1
5954 5954 1
7167 7167 1
4269 4269 1
5248 5248 1
4050 4050 1
4309 4309 1
5851 5851 1
5583 5583 1
5048 5048 1
5211 5211 1
 
6515 6515 1
4416 4416 1
6693 6693 1
5109 5109 1
4854 4854 1
4693 4693 1
5783 5783 1
5174 5174 1
6824 6824 1
5157 5157 1
5022 5022 1
5869 5869 1
3752 3752 1
4181 4181 1
4416 4416 1
5439 5439 1
4432 4432 1
6005 6005 1
5882 5882 1
4506 4506 1
6859 6859 1
5355 5355 1
6628 6628 1
6727 6727 1
7106 7106 1
 
4571 4571 1
6892 6892 1
6145 6145 1
6323 6323 1
6290 6290 1
5793 5793 1
4627 4627 1
5830 5830 1
5441 5441 1
5275 5275 1
4304 4304 1
6270 6270 1
6081 6081 1
5724 5724 1
5614 5614 1
6344 6344 1
4756 4756 1
3844 3844 1
4274 4274 1
5015 5015 1
5016 5016 1
6258 6258 1
4918 4918 1
6425 6425 1
5067 5067 1
 
6777 6777 1
5539 5539 1
7467 7467 1
5688 5688 1
6655 6655 1
6200 6200 1
6664 6664 1
4632 4632 1
5152 5152 1
7326 7326 1
6354 6354 1
5034 5034 1
8247 8247 1
5328 5328 1
5350 5350 1
6761 6761 1
6078 6078 1
4274 4274 1
6755 6755 1
7464 7464 1
5410 5410 1
7762 7762 1
6107 6107 1
5958 5958 1
5746 5746 1
 
5470 5470 1
4640 4640 1
4454 4454 1
6920 6920 1
7434 7434 1
5036 5036 1
6585 6585 1
6744 6744 1
4529 4529 1
7023 7023 1
7791 7791 1
4546 4546 1
5836 5836 1
6217 6217 1
6843 6843 1
5932 5932 1
7768 7768 1
6984 6984 1
6576 6576 1
4940 4940 1
6675 6675 1
4891 4891 1
4009 4009 1
7833 7833 1
7558 7558 1
 
8337 8337 1
4970 4970 1
8235 8235 1
6685 6685 1
6260 6260 1
8842 8842 1
7795 7795 1
6683 6683 1
8446 8446 1
4509 4509 1
5682 5682 1
5370 5370 1
7719 7719 1
6490 6490 1
7404 7404 1
6781 6781 1
6606 6606 1
8670 8670 1
5666 5666 1
5586 5586 1
5596 5596 1
6932 6932 1
8364 8364 1
9030 9030 1
7667 7667 1
 
8775 8775 1
7283 7283 1
5258 5258 1
5912 5912 1
6216 6216 1
6829 6829 1
7009 7009 1
6218 6218 1
5502 5502 1
7192 7192 1
8108 8108 1
5902 5902 1
6711 6711 1
8536 8536 1
6750 6750 1
5836 5836 1
7953 7953 1
7939 7939 1
5986 5986 1
6657 6657 1
7917 7917 1
7151 7151 1
7772 7772 1
6005 6005 1
5605 5605 1
 
8113 8113 1
6071 6071 1
6666 6666 1
5631 5631 1
6733 6733 1
7890 7890 1
6246 6246 1
5816 5816 1
5488 5488 1
5905 5905 1
6696 6696 1
6539 6539 1
5477 5477 1
7990 7990 1
6109 6109 1
5951 5951 1
4971 4971 1
6339 6339 1
8313 8313 1
6469 6469 1
6228 6228 1
7688 7688 1
6876 6876 1
6946 6946 1
6481 6481 1
 
7522 7522 1
6170 6170 1
8471 8471 1
7858 7858 1
7967 7967 1
6638 6638 1
6125 6125 1
9095 9095 1
7085 7085 1
8337 8337 1
9471 9471 1
5911 5911 1
6086 6086 1
6626 6626 1
5741 5741 1
8581 8581 1
4992 4992 1
6260 6260 1
7569 7569 1
5481 5481 1
8264 8264 1
5719 5719 1
7743 7743 1
7080 7080 1
6110 6110 1
 
7152 7152 1
7648 7648 1
7261 7261 1
7177 7177 1
5823 5823 1
8887 8887 1
7975 7975 1
7705 7705 1
10454 10454 1
6462 6462 1
10156 10156 1
6249 6249 1
9250 9250 1
9585 9585 1
6277 6277 1
8829 8829 1
7842 7842 1
8506 8506 1
6857 6857 1
6314 6314 1
8130 8130 1
7987 7987 1
7333 7333 1
5941 5941 1
7960 7960 1
 
6724 6724 1
8980 8980 1
6456 6456 1
7494 7494 1
6737 6737 1
5419 5419 1
6239 6239 1
9376 9376 1
9296 9296 1
6191 6191 1
8822 8822 1
8448 8448 1
7627 7627 1
7706 7706 1
7812 7812 1
7417 7417 1
5690 5690 1
7784 7784 1
8815 8815 1
7640 7640 1
6616 6616 1
5584 5584 1
6153 6153 1
5785 5785 1
5856 5856 1
 
9427 9427 1
8785 8785 1
8920 8920 1
7799 7799 1
7574 7574 1
6301 6301 1
8500 8500 1
7954 7954 1
6188 6188 1
8319 8319 1
8476 8476 1
5034 5034 1
8839 8839 1
8755 8755 1
8401 8401 1
10561 10561 1
8346 8346 1
10321 10321 1
7708 7708 1
8065 8065 1
8888 8888 1
6235 6235 1
8475 8475 1
8891 8891 1
5362 5362 1
 
7328 7328 1
7850 7850 1
7766 7766 1
6547 6547 1
6759 6759 1
6254 6254 1
8960 8960 1
8905 8905 1
8605 8605 1
6884 6884 1
10384 10384 1
7757 7757 1
8336 8336 1
7578 7578 1
10937 10937 1
11683 11683 1
8259 8259 1
6505 6505 1
9802 9802 1
6268 6268 1
8652 8652 1
7692 7692 1
9333 9333 1
7471 7471 1
6384 6384 1
 
8032 8032 1
9044 9044 1
6545 6545 1
7384 7384 1
8773 8773 1
8086 8086 1
8682 8682 1
9562 9562 1
7127 7127 1
9069 9069 1
6810 6810 1
10273 10273 1
10167 10167 1
6449 6449 1
8051 8051 1
6537 6537 1
7605 7605 1
6202 6202 1
8445 8445 1
7382 7382 1
8004 8004 1
7627 7627 1
11164 11164 1
6548 6548 1
9610 9610 1
 
8001 8001 1
8468 8468 1
7677 7677 1
7071 7071 1
8104 8104 1
8159 8159 1
7671 7671 1
8548 8548 1
5829 5829 1
9020 9020 1
8240 8240 1
10025 10025 1
9140 9140 1
8724 8724 1
6492 6492 1
7217 7217 1
7701 7701 1
9008 9008 1
6897 6897 1
7452 7452 1
9373 9373 1
10835 10835 1
7479 7479 1
8521 8521 1
7934 7934 1
 
9677 9677 1
7568 7568 1
10418 10418 1
6440 6440 1
8752 8752 1
10316 10316 1
8651 8651 1
8073 8073 1
7816 7816 1
7606 7606 1
7371 7371 1
8478 8478 1
9697 9697 1
15290 15290 1
9857 9857 1
9704 9704 1
11997 11997 1
6949 6949 1
8727 8727 1
10807 10807 1
9275 9275 1
8718 8718 1
10210 10210 1
8974 8974 1
9043 9043 1
 
3559 9224 0
2946 10522 0
2588 7907 0
2576 7061 0
2793 9796 0
3400 11828 0
2656 8814 0
3121 10793 0
2129 6896 0
3221 8148 0
1997 7983 0
2575 9125 0
2687 7390 0
2517 6984 0
2724 7667 0
2648 7929 0
3127 8030 0
3210 9999 0
2330 8078 0
2261 7011 0
2619 7998 0
2199 8491 0
2705 9818 0
2534 9591 0
2873 8895 0
 
1039 8866 0
1031 8047 0
1092 9006 0
1101 8879 0
988 8476 0
890 7243 0
950 7063 0
1223 10145 0
1017 8091 0
1269 9879 0
1267 9234 0
1032 10076 0
944 8458 0
1092 9826 0
1146 9276 0
1142 10660 0
1069 9535 0
1024 9006 0
1044 8583 0
936 8869 0
1098 9161 0
789 6572 0
1255 9795 0
1091 8424 0
1033 9009 0
 
===
