195 195 1
126 126 1
912 912 1
123 123 1
119 119 1
246 246 1
717 717 1
114 114 1
139 139 1
116 116 1
129 129 1
156 156 1
134 134 1
103 103 1
105 105 1
136 136 1
297 297 1
259 259 1
259 259 1
220 220 1
154 154 1
147 147 1
347 347 1
347 347 1
273 273 1
 
437 437 1
1003 1003 1
259 259 1
134 134 1
325 325 1
211 211 1
503 503 1
503 503 1
166 166 1
138 138 1
136 136 1
241 241 1
159 159 1
297 297 1
288 288 1
141 141 1
503 503 1
437 437 1
195 195 1
178 178 1
558 558 1
591 591 1
403 403 1
306 306 1
315 315 1
 
330 330 1
448 448 1
235 235 1
301 301 1
773 773 1
195 195 1
325 325 1
420 420 1
106 106 1
175 175 1
431 431 1
669 669 1
188 188 1
246 246 1
108 108 1
126 126 1
373 373 1
159 159 1
319 319 1
403 403 1
717 717 1
315 315 1
172 172 1
108 108 1
568 568 1
 
415 415 1
241 241 1
598 598 1
777 777 1
1030 1030 1
678 678 1
564 564 1
401 401 1
1218 1218 1
501 501 1
930 930 1
916 916 1
622 622 1
447 447 1
161 161 1
466 466 1
313 313 1
252 252 1
613 613 1
120 120 1
237 237 1
445 445 1
358 358 1
334 334 1
1120 1120 1
 
582 582 1
295 295 1
848 848 1
376 376 1
386 386 1
495 495 1
382 382 1
327 327 1
414 414 1
508 508 1
438 438 1
308 308 1
707 707 1
357 357 1
407 407 1
385 385 1
846 846 1
928 928 1
481 481 1
373 373 1
387 387 1
264 264 1
769 769 1
661 661 1
740 740 1
 
816 816 1
673 673 1
267 267 1
218 218 1
687 687 1
449 449 1
878 878 1
207 207 1
250 250 1
249 249 1
276 276 1
989 989 1
580 580 1
494 494 1
602 602 1
433 433 1
258 258 1
1054 1054 1
359 359 1
1066 1066 1
350 350 1
985 985 1
853 853 1
453 453 1
610 610 1
 
1081 1081 1
674 674 1
685 685 1
449 449 1
925 925 1
216 216 1
792 792 1
625 625 1
328 328 1
404 404 1
748 748 1
240 240 1
710 710 1
1142 1142 1
625 625 1
423 423 1
627 627 1
269 269 1
911 911 1
609 609 1
893 893 1
1441 1441 1
1091 1091 1
679 679 1
1469 1469 1
 
918 918 1
569 569 1
861 861 1
702 702 1
692 692 1
714 714 1
624 624 1
518 518 1
1341 1341 1
448 448 1
1043 1043 1
483 483 1
747 747 1
743 743 1
366 366 1
467 467 1
591 591 1
1176 1176 1
785 785 1
626 626 1
849 849 1
1176 1176 1
521 521 1
1250 1250 1
626 626 1
 
1418 1418 1
1125 1125 1
1051 1051 1
498 498 1
661 661 1
421 421 1
514 514 1
429 429 1
599 599 1
456 456 1
706 706 1
444 444 1
1008 1008 1
480 480 1
508 508 1
396 396 1
562 562 1
1504 1504 1
1252 1252 1
588 588 1
2039 2039 1
480 480 1
1509 1509 1
1260 1260 1
686 686 1
 
945 945 1
829 829 1
1138 1138 1
760 760 1
858 858 1
1165 1165 1
1986 1986 1
1554 1554 1
1042 1042 1
418 418 1
526 526 1
1033 1033 1
475 475 1
1429 1429 1
473 473 1
431 431 1
629 629 1
454 454 1
1003 1003 1
689 689 1
1084 1084 1
706 706 1
1315 1315 1
1576 1576 1
743 743 1
 
723 723 1
1174 1174 1
812 812 1
763 763 1
1317 1317 1
1041 1041 1
841 841 1
719 719 1
537 537 1
1194 1194 1
484 484 1
501 501 1
522 522 1
734 734 1
814 814 1
2249 2249 1
1070 1070 1
380 380 1
1035 1035 1
1434 1434 1
763 763 1
757 757 1
943 943 1
1376 1376 1
1055 1055 1
 
1486 1486 1
1711 1711 1
1301 1301 1
755 755 1
1296 1296 1
936 936 1
916 916 1
991 991 1
980 980 1
1122 1122 1
790 790 1
1197 1197 1
916 916 1
1664 1664 1
1214 1214 1
1284 1284 1
793 793 1
448 448 1
1954 1954 1
799 799 1
1382 1382 1
743 743 1
1548 1548 1
1246 1246 1
1089 1089 1
 
797 797 1
844 844 1
1616 1616 1
1093 1093 1
912 912 1
852 852 1
1903 1903 1
497 497 1
1279 1279 1
918 918 1
1594 1594 1
1523 1523 1
1056 1056 1
1319 1319 1
1004 1004 1
767 767 1
852 852 1
769 769 1
1563 1563 1
663 663 1
743 743 1
1108 1108 1
759 759 1
915 915 1
799 799 1
 
1002 1002 1
1020 1020 1
746 746 1
1125 1125 1
1264 1264 1
1669 1669 1
997 997 1
1097 1097 1
1281 1281 1
2127 2127 1
944 944 1
1249 1249 1
808 808 1
697 697 1
655 655 1
825 825 1
735 735 1
1218 1218 1
730 730 1
944 944 1
897 897 1
1482 1482 1
836 836 1
1714 1714 1
900 900 1
 
1991 1991 1
1318 1318 1
1617 1617 1
996 996 1
658 658 1
1683 1683 1
858 858 1
922 922 1
635 635 1
1752 1752 1
1937 1937 1
1085 1085 1
1602 1602 1
1216 1216 1
1308 1308 1
647 647 1
1592 1592 1
1915 1915 1
702 702 1
1482 1482 1
1151 1151 1
2417 2417 1
787 787 1
667 667 1
1006 1006 1
 
1723 1723 1
1851 1851 1
1551 1551 1
2021 2021 1
837 837 1
879 879 1
1200 1200 1
1470 1470 1
1500 1500 1
1696 1696 1
773 773 1
946 946 1
1270 1270 1
1242 1242 1
791 791 1
3247 3247 1
1066 1066 1
1116 1116 1
1087 1087 1
1092 1092 1
856 856 1
1313 1313 1
1941 1941 1
1159 1159 1
1346 1346 1
 
1356 1356 1
2650 2650 1
682 682 1
1072 1072 1
1403 1403 1
1372 1372 1
1132 1132 1
1359 1359 1
1300 1300 1
1573 1573 1
835 835 1
1605 1605 1
1317 1317 1
1301 1301 1
1926 1926 1
1925 1925 1
1980 1980 1
2028 2028 1
1026 1026 1
978 978 1
962 962 1
2202 2202 1
1906 1906 1
1602 1602 1
2359 2359 1
 
1258 1258 1
1365 1365 1
955 955 1
948 948 1
1625 1625 1
2073 2073 1
903 903 1
1461 1461 1
1239 1239 1
914 914 1
1033 1033 1
1829 1829 1
922 922 1
2210 2210 1
2143 2143 1
1739 1739 1
1667 1667 1
2242 2242 1
1872 1872 1
1608 1608 1
993 993 1
1776 1776 1
1742 1742 1
823 823 1
906 906 1
 
2233 2233 1
1051 1051 1
1331 1331 1
1680 1680 1
1328 1328 1
1960 1960 1
1239 1239 1
2159 2159 1
1592 1592 1
1086 1086 1
1458 1458 1
1845 1845 1
1364 1364 1
1417 1417 1
890 890 1
1659 1659 1
1009 1009 1
2124 2124 1
1173 1173 1
1115 1115 1
1379 1379 1
2232 2232 1
1099 1099 1
1089 1089 1
935 935 1
 
1738 1738 1
1964 1964 1
1849 1849 1
1348 1348 1
2134 2134 1
1828 1828 1
1318 1318 1
1183 1183 1
1767 1767 1
1800 1800 1
1347 1347 1
930 930 1
1089 1089 1
1371 1371 1
1808 1808 1
1789 1789 1
2069 2069 1
1812 1812 1
2352 2352 1
2168 2168 1
1203 1203 1
1603 1603 1
1858 1858 1
2821 2821 1
1873 1873 1
 
2533 2533 1
2099 2099 1
1483 1483 1
1272 1272 1
916 916 1
1586 1586 1
1813 1813 1
1050 1050 1
1660 1660 1
1961 1961 1
1672 1672 1
1755 1755 1
2063 2063 1
1311 1311 1
2578 2578 1
2159 2159 1
1287 1287 1
2077 2077 1
2177 2177 1
1871 1871 1
931 931 1
2625 2625 1
1470 1470 1
2063 2063 1
1196 1196 1
 
1958 1958 1
1319 1319 1
1364 1364 1
2076 2076 1
1917 1917 1
1730 1730 1
1343 1343 1
1320 1320 1
2147 2147 1
2139 2139 1
1800 1800 1
1488 1488 1
2385 2385 1
1780 1780 1
1566 1566 1
1255 1255 1
1429 1429 1
1257 1257 1
1265 1265 1
1038 1038 1
1384 1384 1
1936 1936 1
1593 1593 1
1330 1330 1
2039 2039 1
 
1920 1920 1
2000 2000 1
1264 1264 1
1933 1933 1
1504 1504 1
1699 1699 1
2053 2053 1
2091 2091 1
1066 1066 1
1315 1315 1
2061 2061 1
1318 1318 1
1270 1270 1
1614 1614 1
1731 1731 1
2319 2319 1
1887 1887 1
2363 2363 1
2244 2244 1
1154 1154 1
2013 2013 1
1421 1421 1
2008 2008 1
1769 1769 1
2000 2000 1
 
2463 2463 1
3352 3352 1
2018 2018 1
1790 1790 1
1967 1967 1
2150 2150 1
2273 2273 1
1194 1194 1
1575 1575 1
1860 1860 1
1847 1847 1
1321 1321 1
1222 1222 1
2126 2126 1
1228 1228 1
1319 1319 1
3627 3627 1
2005 2005 1
2191 2191 1
1562 1562 1
2469 2469 1
1999 1999 1
1950 1950 1
2278 2278 1
2579 2579 1
 
1249 1249 1
3110 3110 1
2812 2812 1
1197 1197 1
1626 1626 1
1774 1774 1
1419 1419 1
1653 1653 1
1730 1730 1
2542 2542 1
2949 2949 1
1409 1409 1
1986 1986 1
3965 3965 1
2680 2680 1
1886 1886 1
1821 1821 1
2347 2347 1
2031 2031 1
2301 2301 1
1903 1903 1
2151 2151 1
1270 1270 1
1836 1836 1
1718 1718 1
 
1492 1492 1
1655 1655 1
2707 2707 1
1786 1786 1
3338 3338 1
2080 2080 1
1687 1687 1
2014 2014 1
1236 1236 1
2190 2190 1
1331 1331 1
2540 2540 1
1423 1423 1
1518 1518 1
1802 1802 1
1712 1712 1
1546 1546 1
2014 2014 1
2850 2850 1
1218 1218 1
1786 1786 1
2552 2552 1
1495 1495 1
1927 1927 1
1704 1704 1
 
2284 2284 1
3466 3466 1
2939 2939 1
1540 1540 1
2526 2526 1
2996 2996 1
2534 2534 1
2229 2229 1
2843 2843 1
2063 2063 1
2396 2396 1
1064 1064 1
2704 2704 1
1969 1969 1
2267 2267 1
3020 3020 1
2062 2062 1
1207 1207 1
1824 1824 1
2205 2205 1
2186 2186 1
3445 3445 1
1306 1306 1
1747 1747 1
1868 1868 1
 
2154 2154 1
1530 1530 1
4789 4789 1
2094 2095 0
2577 2577 1
2237 2237 1
2548 2548 1
2087 2087 1
2450 2450 1
1694 1694 1
2013 2013 1
1468 1468 1
1839 1839 1
2235 2235 1
1416 1416 1
1962 1962 1
1506 1506 1
1161 1161 1
2940 2940 1
2511 2511 1
1423 1423 1
2179 2179 1
1725 1725 1
1184 1184 1
2063 2063 1
 
1349 1349 1
1906 1906 1
1751 1751 1
2874 2874 1
1640 1640 1
2095 2095 1
2251 2251 1
2675 2675 1
2429 2429 1
2956 2956 1
1406 1406 1
1266 1266 1
2224 2224 1
2668 2668 1
2120 2120 1
2393 2393 1
2616 2616 1
2694 2694 1
3558 3558 1
3067 3067 1
2171 2171 1
3002 3002 1
3207 3207 1
3087 3087 1
1927 1927 1
 
2116 2116 1
2448 2448 1
2185 2185 1
3116 3116 1
2237 2237 1
1873 1874 0
2669 2669 1
2156 2156 1
2209 2209 1
2125 2125 1
2592 2592 1
1915 1915 1
2136 2136 1
3645 3646 0
2173 2173 1
1512 1512 1
2565 2565 1
1765 1765 1
1790 1790 1
1786 1786 1
2361 2361 1
3140 3140 1
1740 1742 0
2538 2538 1
2167 2167 1
 
2592 2592 1
2505 2505 1
2747 2747 1
1690 1690 1
1970 1970 1
2697 2697 1
2853 2853 1
2354 2354 1
2911 2911 1
2519 2519 1
2532 2533 0
1989 1989 1
1952 1952 1
2394 2394 1
1968 1968 1
1926 1926 1
1573 1573 1
2171 2172 0
3099 3099 1
1843 1843 1
2492 2492 1
2803 2803 1
2274 2274 1
2037 2038 0
3138 3138 1
 
1927 1927 1
1898 1898 1
2194 2194 1
3437 3437 1
2828 2829 0
2257 2258 0
2981 2981 1
3949 3949 1
2760 2760 1
1626 1628 0
2544 2544 1
2128 2128 1
2299 2299 1
2330 2330 1
2821 2821 1
2301 2301 1
1720 1721 0
2521 2521 1
2133 2133 1
2927 2927 1
3240 3240 1
2599 2599 1
3624 3624 1
2736 2737 0
1792 1793 0
 
3067 3067 1
2950 2950 1
2480 2481 0
3790 3790 1
1764 1764 1
2844 2847 0
1621 1624 0
2225 2227 0
1554 1554 1
2062 2062 1
1751 1752 0
3112 3112 1
3531 3531 1
2332 2332 1
2422 2422 1
3232 3232 1
3022 3023 0
2001 2003 0
3451 3451 1
2371 2372 0
4843 4846 0
1944 1944 1
2202 2204 0
1460 1462 0
1835 1837 0
 
2969 2971 0
2546 2546 1
2989 2991 0
4097 4098 0
2005 2011 0
1878 1878 1
2328 2328 1
2705 2708 0
2966 2966 1
2819 2819 1
1876 1887 0
2236 2237 0
3206 3208 0
3166 3166 1
2152 2152 1
2100 2110 0
2909 2914 0
2096 2100 0
2952 2952 1
2822 2832 0
2437 2438 0
2581 2581 1
2419 2427 0
2423 2428 0
1926 1936 0
 
3089 3090 0
2494 2494 1
2412 2412 1
2029 2043 0
3029 3033 0
2363 2379 0
3148 3151 0
1761 1763 0
2965 2970 0
3014 3014 1
1752 1757 0
3004 3013 0
2174 2178 0
3159 3159 1
2556 2565 0
2667 2670 0
2954 2956 0
3425 3445 0
3177 3187 0
2817 2826 0
2489 2506 0
1719 1722 0
3065 3097 0
2533 2533 1
1683 1684 0
 
3240 3260 0
2150 2180 0
2711 2745 0
2929 2931 0
3700 3735 0
2582 2614 0
3238 3239 0
2434 2444 0
2417 2422 0
2416 2430 0
1948 1973 0
3122 3128 0
2625 2633 0
2284 2288 0
3267 3278 0
1549 1588 0
2013 2039 0
2665 2668 0
2874 2888 0
3116 3133 0
2499 2503 0
2675 2676 0
3633 3636 0
1602 1603 0
2135 2140 0
 
2366 2417 0
2927 2940 0
3195 3235 0
2928 2950 0
2981 3063 0
2334 2353 0
2555 2575 0
2092 2102 0
2890 2910 0
2390 2417 0
3907 3930 0
2617 2665 0
2147 2165 0
1984 2018 0
2049 2054 0
3015 3021 0
4609 4618 0
2828 2857 0
2679 2730 0
3126 3137 0
3778 3894 0
1718 1784 0
2703 2756 0
2955 2965 0
3283 3289 0
 
3523 3563 0
3483 3490 0
2201 2215 0
3534 3612 0
1901 2030 0
1867 1981 0
2832 2877 0
3799 3865 0
2546 2608 0
3487 3526 0
2926 2983 0
2492 2511 0
2318 2375 0
3417 3512 0
2119 2210 0
2325 2381 0
3390 3410 0
2135 2232 0
3278 3294 0
2878 2892 0
3862 3905 0
3458 3550 0
5149 5208 0
2882 3067 0
2685 2703 0
 
1839 1921 0
2214 2316 0
2362 2700 0
2962 3010 0
3116 3284 0
1913 2051 0
2561 2688 0
2604 2664 0
2435 2626 0
2980 3014 0
2860 3033 0
2109 2212 0
2611 2746 0
3068 3168 0
2811 3144 0
2471 2593 0
2247 2456 0
3995 4117 0
2810 2873 0
2397 2488 0
3615 3783 0
2119 2224 0
3923 4083 0
3664 3732 0
3108 3135 0
 
2597 2827 0
2975 3081 0
2192 2507 0
2446 2654 0
2491 2750 0
2522 2772 0
2104 2321 0
5096 5725 0
3043 3478 0
2694 3119 0
2384 2484 0
3813 4029 0
4247 4458 0
4309 4666 0
2605 2834 0
3215 3508 0
2325 2501 0
2378 2606 0
2154 2470 0
2358 2602 0
3465 3794 0
3025 3427 0
2903 3328 0
2624 2908 0
2896 3303 0
 
559 5268 0
599 2985 0
765 4124 0
888 4206 0
386 3152 0
746 3238 0
582 2997 0
445 3057 0
659 3120 0
385 2100 0
763 3688 0
380 2325 0
415 2625 0
617 2544 0
364 2893 0
432 2668 0
653 3682 0
531 2841 0
869 4300 0
533 3986 0
491 2852 0
829 4042 0
666 3882 0
709 3760 0
791 4347 0
 
185 2263 0
340 3328 0
319 3515 0
139 2299 0
299 4063 0
165 2035 0
251 3212 0
177 2731 0
223 2544 0
343 4371 0
293 3629 0
159 3953 0
428 3763 0
244 3759 0
247 2779 0
198 2466 0
258 3590 0
185 2939 0
351 3847 0
262 2784 0
239 3260 0
275 3620 0
173 2293 0
280 3226 0
224 3013 0
 
===
