637 721 0
1478 1555 0
722 780 0
1704 1704 1
2563 2563 1
485 485 1
1160 1369 0
705 757 0
595 595 1
776 896 0
232 356 0
112 200 0
1286 1286 1
494 494 1
131 229 0
190 239 0
300 360 0
567 567 1
180 233 0
400 528 0
1015 1015 1
245 299 0
875 924 0
1118 1307 0
561 662 0
 
1551 1650 0
1123 1170 0
7 317 0
1881 1947 0
1383 1682 0
739 1195 0
652 781 0
365 544 0
944 1109 0
1797 1797 1
123 437 0
1549 1627 0
822 870 0
1182 1229 0
1291 1364 0
407 528 0
897 1000 0
1644 1648 0
1323 1374 0
407 511 0
699 808 0
1295 1349 0
443 825 0
708 818 0
1083 1302 0
 
1520 1686 0
1213 1323 0
2123 2288 0
2092 2215 0
1013 1138 0
1331 1435 0
1890 2106 0
2880 2952 0
2002 2291 0
941 1046 0
999 1185 0
1360 1476 0
11 294 0
1207 1742 0
1542 1778 0
2109 2210 0
1272 1483 0
1776 1880 0
1326 1640 0
4378 4539 0
2727 2727 1
2144 2511 0
1601 1948 0
1302 1703 0
418 659 0
 
2394 2576 0
3432 3721 0
2410 2700 0
1211 1415 0
4194 4371 0
1735 1970 0
1659 2000 0
1229 1633 0
2843 3436 0
3640 4050 0
1702 2145 0
1197 1295 0
4898 5008 0
1393 1562 0
2131 2286 0
2078 3060 0
1947 2147 0
3103 3641 0
1772 2014 0
1949 2093 0
1335 1804 0
2981 3348 0
2440 2603 0
2170 2352 0
3201 3652 0
 
1405 1692 0
1881 2102 0
2323 3138 0
1664 1899 0
2105 2307 0
1036 1367 0
2207 2585 0
2033 2378 0
1025 1653 0
1462 1637 0
1363 1597 0
2565 2809 0
2590 3109 0
1516 1723 0
1094 1363 0
510 726 0
2384 3209 0
2713 3083 0
2679 3079 0
2931 3186 0
1549 2109 0
2384 2637 0
3876 4149 0
201 910 0
803 1106 0
 
===
