106 209 0
147 269 0
222 285 0
158 215 0
232 335 0
222 292 0
211 382 0
121 177 0
128 186 0
237 303 0
261 347 0
193 263 0
594 707 0
124 183 0
156 235 0
209 305 0
719 764 0
671 720 0
375 475 0
255 312 0
197 244 0
163 264 0
213 282 0
531 588 0
113 166 0
 
8 367 0
8 296 0
461 581 0
329 424 0
377 487 0
333 461 0
204 441 0
145 542 0
115 478 0
8 242 0
192 295 0
7 268 0
127 230 0
1130 1429 0
6 263 0
7 288 0
117 450 0
6 254 0
509 860 0
6 261 0
8 255 0
154 252 0
12 381 0
10 296 0
7 276 0
 
136 470 0
15 644 0
130 591 0
322 798 0
8 261 0
16 566 0
216 580 0
155 467 0
173 446 0
185 479 0
236 605 0
221 705 0
1011 1320 0
178 481 0
304 700 0
247 384 0
126 473 0
784 1101 0
114 413 0
175 526 0
165 652 0
129 523 0
127 684 0
223 520 0
203 623 0
 
20 644 0
10 301 0
469 718 0
132 536 0
1326 1592 0
385 808 0
607 1135 0
176 559 0
605 1244 0
634 960 0
18 698 0
201 553 0
16 613 0
15 632 0
19 649 0
465 915 0
448 737 0
140 523 0
17 595 0
11 291 0
11 310 0
119 437 0
200 778 0
542 820 0
477 913 0
 
572 1393 0
170 1081 0
150 759 0
222 555 0
14 467 0
120 803 0
292 740 0
411 785 0
420 953 0
114 378 0
861 1307 0
382 964 0
1159 1815 0
158 1004 0
1019 1473 0
308 803 0
230 1037 0
120 688 0
18 531 0
185 474 0
12 469 0
221 1094 0
45 508 0
825 1211 0
153 676 0
 
===
