4581 4581 1
5261 5261 1
4189 4189 1
7334 7334 1
4953 4953 1
4326 4326 1
6008 6008 1
6021 6021 1
4909 4909 1
4261 4261 1
3804 3804 1
4339 4339 1
6646 6646 1
5780 5780 1
5352 5352 1
5609 5609 1
5013 5013 1
5238 5238 1
6342 6342 1
5365 5365 1
4052 4052 1
6436 6436 1
5018 5018 1
4670 4670 1
5138 5138 1
 
12984 12984 1
11361 11361 1
9215 9215 1
13766 13766 1
9214 9214 1
13328 13328 1
9882 9882 1
10542 10542 1
11530 11530 1
9394 9394 1
12317 12317 1
12696 12696 1
9158 9158 1
12401 12401 1
9052 9052 1
12834 12834 1
9648 9648 1
10705 10705 1
11015 11015 1
9996 9996 1
9698 9698 1
11909 11909 1
10379 10379 1
12851 12851 1
9050 9050 1
 
15470 15470 1
19344 19344 1
16978 16978 1
14851 14852 0
16018 16018 1
15572 15572 1
13952 13952 1
16569 16569 1
16313 16313 1
15010 15010 1
18031 18031 1
17282 17282 1
28540 28540 1
15018 15018 1
13232 13232 1
14376 14376 1
16148 16148 1
16574 16574 1
15976 15976 1
13423 13424 0
18713 18713 1
14307 14307 1
19294 19294 1
14988 14988 1
12748 12748 1
 
24308 24471 0
22353 22418 0
23293 23407 0
21089 21104 0
21501 21510 0
19063 19172 0
21269 21298 0
19219 19248 0
22707 22741 0
21928 21973 0
17871 17901 0
25797 25845 0
22863 23063 0
21485 21520 0
19287 19321 0
21273 21301 0
20989 21016 0
21661 21909 0
21658 21722 0
21217 21225 0
38459 38473 0
26332 26513 0
18206 18288 0
21234 21239 0
22071 22107 0
 
2748 24379 0
2480 22155 0
2516 20100 0
2613 20852 0
2898 24034 0
1952 18179 0
2534 19553 0
2721 23015 0
2589 21192 0
2232 20037 0
2352 20757 0
2172 18609 0
2673 22146 0
2708 22878 0
2446 20807 0
2650 21510 0
2552 20000 0
2459 22662 0
2208 17496 0
2444 21155 0
2330 20931 0
2179 21750 0
2708 21679 0
2463 18990 0
4089 30987 0
 
===
