692 692 1
2562 2562 1
1129 1129 1
769 769 1
980 980 1
516 516 1
1832 1832 1
1010 1010 1
1884 1884 1
1312 1312 1
2461 2461 1
1085 1085 1
2057 2057 1
878 878 1
1994 1994 1
1164 1164 1
1478 1478 1
1009 1009 1
717 717 1
864 864 1
1262 1262 1
797 797 1
1107 1107 1
1012 1012 1
1859 1859 1
 
1909 1909 1
2060 2060 1
2644 2644 1
2376 2377 0
2846 2849 0
1740 1740 1
2233 2233 1
2578 2578 1
3164 3164 1
2674 2674 1
1915 1915 1
2755 2755 1
3597 3597 1
2598 2598 1
2553 2554 0
2699 2699 1
2036 2037 0
2793 2793 1
3483 3484 0
2295 2295 1
1761 1761 1
1644 1644 1
1855 1855 1
2385 2385 1
2240 2240 1
 
2761 2761 1
3065 3065 1
5468 5474 0
1889 1890 0
3020 3023 0
3352 3352 1
3814 3814 1
4740 4747 0
2679 2680 0
4039 4040 0
3287 3287 1
2590 2590 1
2723 2723 1
3771 3773 0
3611 3611 1
2643 2643 1
3396 3397 0
2703 2703 1
2759 2765 0
4108 4108 1
2807 2810 0
4005 4011 0
2998 2998 1
2935 2936 0
3079 3079 1
 
4131 4360 0
3725 3848 0
3510 3538 0
3365 3408 0
4746 4813 0
4357 4521 0
5710 5863 0
4730 4758 0
2931 2988 0
3832 4109 0
4552 4694 0
4126 4254 0
3741 3802 0
4456 4602 0
3437 3438 0
3787 3838 0
4139 4351 0
4772 4921 0
5185 5217 0
4151 4177 0
5587 5708 0
3986 4141 0
4059 4099 0
4569 4768 0
4855 5128 0
 
489 3732 0
394 3790 0
368 3549 0
538 4749 0
322 3330 0
390 3632 0
300 3176 0
385 3809 0
565 5322 0
379 4104 0
363 4265 0
435 4482 0
467 4007 0
357 3822 0
422 3689 0
429 4379 0
512 4210 0
431 4418 0
484 5192 0
426 4310 0
290 3254 0
366 4388 0
453 3768 0
472 3859 0
544 4606 0
 
===
