406 406 1
215 216 0
463 463 1
351 351 1
428 428 1
375 375 1
272 272 1
265 265 1
300 300 1
314 314 1
260 260 1
331 331 1
372 372 1
283 283 1
232 232 1
328 328 1
334 335 0
301 301 1
355 355 1
337 337 1
290 290 1
268 268 1
324 324 1
292 292 1
415 415 1
 
390 390 1
319 320 0
387 387 1
380 380 1
371 371 1
352 356 0
297 299 0
356 356 1
317 317 1
410 410 1
391 391 1
325 325 1
366 366 1
372 372 1
322 322 1
307 313 0
420 425 0
294 294 1
319 319 1
440 440 1
312 312 1
341 341 1
335 335 1
412 412 1
310 310 1
 
303 315 0
342 344 0
310 311 0
338 338 1
482 485 0
294 294 1
288 298 0
412 412 1
331 338 0
457 457 1
339 341 0
320 323 0
489 491 0
482 490 0
420 420 1
358 362 0
377 377 1
357 358 0
403 403 1
427 427 1
418 418 1
325 332 0
423 432 0
358 358 1
322 323 0
 
335 341 0
358 368 0
457 457 1
423 425 0
445 456 0
393 400 0
506 508 0
424 424 1
358 372 0
344 355 0
370 386 0
417 431 0
450 450 1
398 410 0
417 419 0
318 331 0
428 431 0
398 411 0
394 423 0
416 420 0
483 487 0
297 315 0
478 486 0
502 502 1
397 406 0
 
382 432 0
210 286 0
351 402 0
247 338 0
438 489 0
439 478 0
375 415 0
402 442 0
462 495 0
332 398 0
322 390 0
413 450 0
285 340 0
412 460 0
425 467 0
354 410 0
251 316 0
347 409 0
429 477 0
413 444 0
336 408 0
327 373 0
347 405 0
305 375 0
364 410 0
 
===
