2587 2587 1
2497 2497 1
2709 2709 1
1683 1683 1
1964 1964 1
2688 2688 1
2806 2806 1
2336 2336 1
2896 2896 1
2500 2501 0
2518 2521 0
1976 1976 1
1935 1935 1
2382 2382 1
1960 1960 1
1916 1918 0
1570 1570 1
2155 2158 0
3105 3105 1
1826 1826 1
2481 2481 1
2792 2792 1
2260 2260 1
2023 2026 0
3120 3120 1
 
3033 3036 0
2946 2946 1
2472 2484 0
3789 3789 1
1759 1764 0
3075 3092 0
1797 1805 0
2433 2441 0
1675 1676 0
2072 2072 1
1762 1765 0
3138 3141 0
3536 3558 0
2343 2348 0
2437 2438 0
3280 3280 1
3060 3062 0
2011 2015 0
3483 3483 1
2369 2378 0
4977 5003 0
1949 1949 1
2207 2217 0
1454 1468 0
1840 1848 0
 
3216 3284 0
2101 2187 0
2603 2772 0
2942 2953 0
3644 3758 0
2515 2643 0
3330 3333 0
2412 2455 0
2403 2437 0
2360 2455 0
1884 1984 0
3097 3135 0
2588 2651 0
2281 2307 0
3249 3299 0
1471 1596 0
1992 2067 0
2667 2690 0
2845 2898 0
3083 3157 0
2491 2521 0
2682 2691 0
3634 3655 0
1606 1620 0
2130 2148 0
 
3295 3565 0
2924 3004 0
2137 2218 0
3252 3648 0
1655 2031 0
1731 1979 0
2703 2872 0
3465 3865 0
2375 2577 0
3319 3483 0
2715 2902 0
2335 2501 0
2145 2367 0
3225 3490 0
1869 2199 0
2076 2346 0
3205 3385 0
1977 2216 0
3082 3260 0
2769 2870 0
3565 3868 0
3324 3540 0
4792 5165 0
2552 3043 0
2521 2682 0
 
237 2829 0
270 3081 0
197 2508 0
226 2656 0
270 2752 0
243 2782 0
231 2326 0
331 5692 0
257 3478 0
323 3123 0
294 2420 0
259 4026 0
417 4367 0
521 4600 0
269 2839 0
372 3508 0
228 2499 0
279 2610 0
233 2471 0
262 2605 0
349 3798 0
424 3412 0
375 3335 0
284 2854 0
293 3301 0
 
===
