34942 34942 1
33147 33147 1
36337 36337 1
30643 30643 1
38109 38109 1
35483 35483 1
32697 32697 1
36429 36429 1
32851 32851 1
33888 33888 1
37336 37336 1
32958 32958 1
31625 31625 1
31684 31684 1
34956 34956 1
34752 34752 1
33023 33023 1
35266 35266 1
32704 32704 1
33757 33757 1
41741 41741 1
28824 28824 1
33300 33300 1
42189 42189 1
39950 39950 1
 
29485 29485 1
37003 37003 1
37341 37341 1
30205 30205 1
34875 34875 1
44374 44374 1
33310 33310 1
31504 31504 1
32077 32077 1
34392 34392 1
32619 32619 1
33161 33161 1
52414 52414 1
44310 44310 1
37734 37734 1
39336 39336 1
46486 46486 1
36975 36975 1
40439 40439 1
35635 35635 1
33688 33688 1
38039 38039 1
31856 31856 1
29579 29579 1
40570 40570 1
 
36517 36517 1
37954 37954 1
34170 34170 1
36372 36372 1
36382 36382 1
38692 38692 1
46338 46338 1
38757 38757 1
40043 40043 1
41144 41144 1
41368 41368 1
42750 42750 1
40363 40363 1
38656 38656 1
36378 36378 1
34833 34833 1
36002 36002 1
37864 37864 1
36294 36294 1
39530 39530 1
37230 37230 1
39203 39203 1
39653 39653 1
48303 48303 1
44109 44109 1
 
49604 49604 1
40170 40170 1
51305 51305 1
45665 45665 1
40491 40491 1
34818 34818 1
42827 42827 1
42319 42319 1
43291 43291 1
42735 42735 1
42625 42625 1
43009 43009 1
39670 39670 1
40769 40769 1
47970 47970 1
48085 48085 1
48549 48549 1
41853 41853 1
46300 46300 1
38452 38452 1
38595 38595 1
39578 39578 1
39217 39217 1
45983 45983 1
40653 40653 1
 
5935 33340 0
6627 33419 0
6320 33314 0
6439 33267 0
5893 33209 0
6989 41021 0
7428 37140 0
6997 36567 0
7064 36783 0
6918 38993 0
6458 33874 0
6800 34726 0
5986 33691 0
6467 33604 0
6729 33317 0
5934 33426 0
6115 33251 0
6298 33319 0
6059 33270 0
6143 33194 0
8951 46991 0
8211 42856 0
7476 37097 0
7603 38479 0
7351 36432 0
 
===
