7352 7352 1
6987 6987 1
5011 5011 1
5240 5240 1
6120 6120 1
6634 6634 1
6832 6832 1
6085 6085 1
5430 5430 1
7097 7097 1
7955 7955 1
5678 5678 1
6587 6587 1
8405 8405 1
6677 6677 1
5692 5692 1
7740 7740 1
7599 7599 1
5898 5898 1
6576 6576 1
7779 7779 1
7061 7061 1
7762 7762 1
5901 5901 1
5511 5511 1
 
7526 7526 1
6174 6174 1
8477 8477 1
7854 7854 1
7855 7855 1
6634 6634 1
6131 6131 1
9057 9057 1
7143 7143 1
8328 8328 1
9474 9474 1
5912 5912 1
6086 6086 1
6618 6618 1
5749 5749 1
8576 8576 1
4999 4999 1
6257 6257 1
7566 7566 1
5478 5478 1
8265 8265 1
5715 5715 1
7750 7750 1
7082 7082 1
6100 6100 1
 
9431 9431 1
8777 8777 1
8902 8902 1
7742 7742 1
7555 7555 1
6302 6302 1
8527 8527 1
7885 7885 1
6140 6140 1
8289 8289 1
8480 8480 1
5051 5051 1
12800 12800 1
8967 8967 1
8574 8574 1
10844 10844 1
9317 9317 1
10517 10517 1
7864 7864 1
8263 8263 1
9092 9092 1
6377 6377 1
8595 8595 1
9042 9042 1
5475 5475 1
 
8006 8006 1
8736 8736 1
6470 6470 1
7344 7344 1
8645 8645 1
7979 7979 1
8550 8550 1
9354 9354 1
7022 7022 1
8913 8913 1
6606 6606 1
10032 10032 1
10172 10172 1
6447 6447 1
8015 8015 1
6545 6545 1
7578 7578 1
6222 6222 1
8469 8469 1
7377 7377 1
7982 7982 1
7685 7685 1
11161 11161 1
6549 6549 1
9594 9594 1
 
1438 9636 0
1132 7582 0
1528 10387 0
918 6451 0
1519 8757 0
1411 10250 0
1385 8643 0
1207 8093 0
1232 7832 0
1169 7615 0
1265 7395 0
1315 8497 0
1566 9631 0
1452 11033 0
1256 7517 0
1431 9453 0
1546 11499 0
1114 6743 0
1252 8455 0
1421 10319 0
1283 8867 0
1153 8472 0
1299 9844 0
1230 8700 0
1265 8904 0
 
===
