751 751 1
1613 1613 1
843 843 1
1701 1702 0
2561 2561 1
483 483 1
1391 1399 0
818 818 1
594 594 1
892 896 0
356 356 1
390 390 1
1286 1286 1
494 494 1
260 260 1
307 307 1
416 416 1
568 568 1
444 444 1
628 628 1
1021 1021 1
617 618 0
922 922 1
1414 1417 0
661 661 1
 
1687 1687 1
1619 1893 0
396 398 0
2159 2237 0
1900 1935 0
1329 1335 0
958 963 0
683 694 0
1213 1214 0
1792 1793 0
524 525 0
1710 1725 0
1189 1276 0
1273 1284 0
1473 1481 0
848 876 0
1638 1727 0
1597 1643 0
1944 2235 0
757 773 0
1127 1137 0
1371 1410 0
1670 1745 0
1223 1249 0
1476 1500 0
 
1673 1824 0
1424 1605 0
2097 2782 0
2247 2338 0
1145 1365 0
1490 2118 0
1895 2151 0
2693 2975 0
2286 2550 0
1102 1233 0
1187 1263 0
1282 1677 0
525 770 0
1516 2130 0
1865 2889 0
2121 2279 0
1801 2446 0
1941 2439 0
1514 1700 0
3951 4660 0
2574 2725 0
2398 2765 0
1881 2170 0
1772 2359 0
895 1653 0
 
2242 2674 0
3116 4311 0
1951 2896 0
1297 2084 0
3876 4513 0
1579 2225 0
1704 2364 0
1204 1708 0
2725 3751 0
3463 4264 0
1485 2193 0
1016 1848 0
3976 5155 0
1130 2349 0
1873 2429 0
1731 3349 0
1919 2717 0
2656 3669 0
1766 2294 0
1622 2396 0
1552 3064 0
2705 3640 0
2222 2854 0
1832 2509 0
2337 3701 0
 
1344 1845 0
1826 2570 0
2190 3785 0
1634 2445 0
1949 2557 0
1116 1591 0
2133 2733 0
1658 2564 0
1097 1921 0
1412 1981 0
1173 1967 0
2504 3218 0
1946 3449 0
1298 2120 0
1110 1801 0
536 1188 0
2631 3216 0
2573 3432 0
2611 3748 0
2312 4222 0
1707 2505 0
1890 2733 0
3223 4296 0
559 2545 0
892 1538 0
 
===
