4575 4582 0
5276 5286 0
4187 4187 1
7442 7461 0
4967 4968 0
4294 4302 0
5995 6008 0
6004 6015 0
4798 4807 0
4257 4258 0
3753 3754 0
4330 4332 0
6629 6650 0
5772 5792 0
5405 5410 0
5505 5511 0
5008 5008 1
5202 5213 0
6289 6299 0
5271 5273 0
4047 4049 0
6167 6183 0
5034 5042 0
4654 4663 0
5166 5173 0
 
12735 12971 0
11164 11320 0
9382 9485 0
12696 12851 0
9173 9221 0
13059 13255 0
9672 9813 0
10384 10542 0
11406 11536 0
9277 9389 0
12177 12333 0
12567 12695 0
9007 9121 0
12173 12431 0
8917 8993 0
12456 12730 0
9537 9678 0
10557 10722 0
10894 11050 0
9856 9980 0
9651 9719 0
11786 11917 0
10214 10402 0
12573 12857 0
9012 9050 0
 
15015 15498 0
18759 19370 0
16368 16988 0
14356 14837 0
15295 16014 0
15196 15535 0
13649 13953 0
15974 16587 0
15297 16322 0
14649 14983 0
17452 18074 0
16800 17314 0
16183 16689 0
23649 24178 0
12862 12989 0
14484 14903 0
16016 16382 0
16649 17315 0
15407 16228 0
13347 13617 0
17921 18744 0
14141 14295 0
18550 19120 0
14254 14886 0
12928 13199 0
 
22158 24387 0
21345 22349 0
21487 23335 0
18657 19236 0
20175 21532 0
16059 19022 0
20674 21299 0
19261 19743 0
22047 22787 0
21153 21963 0
17415 17936 0
23615 25841 0
16734 20681 0
19736 21516 0
18871 19318 0
12697 16323 0
20403 21041 0
17718 21907 0
21117 21673 0
19240 20325 0
17573 18348 0
35932 39412 0
17887 18463 0
24467 25194 0
21519 22084 0
 
4917 19809 0
11411 23653 0
12432 21524 0
3670 18049 0
14660 28308 0
9284 20000 0
10410 22491 0
13406 26025 0
10379 23826 0
6408 20593 0
4506 17584 0
6694 20299 0
16003 23682 0
4179 15877 0
8149 20869 0
5204 18211 0
20561 21364 0
11510 25892 0
17312 18026 0
8512 22419 0
2786 17468 0
22723 23812 0
6107 19455 0
4392 16849 0
4333 15814 0
 
===
