717 717 1
2676 2687 0
1144 1144 1
778 778 1
1001 1001 1
522 522 1
1979 1981 0
1010 1010 1
1880 1884 0
1312 1314 0
2438 2446 0
1081 1083 0
2040 2061 0
876 876 1
1981 1982 0
1161 1161 1
1483 1483 1
1005 1005 1
718 718 1
866 866 1
1263 1263 1
794 794 1
1105 1105 1
1015 1015 1
1859 1859 1
 
1891 1925 0
2065 2071 0
2630 2648 0
2278 2371 0
2805 2854 0
1731 1732 0
2190 2234 0
2495 2546 0
3094 3159 0
2641 2676 0
1895 1900 0
2632 2761 0
3515 3604 0
2611 2629 0
2535 2564 0
2667 2702 0
1984 2040 0
2764 2783 0
3324 3469 0
2278 2317 0
1757 1766 0
1647 1647 1
1850 1859 0
2336 2378 0
2233 2243 0
 
2634 2780 0
2865 3078 0
4884 5481 0
1750 1882 0
2737 3013 0
3071 3371 0
3629 3804 0
4125 4749 0
2507 2686 0
3708 4029 0
3124 3285 0
2454 2593 0
2566 2719 0
3410 3782 0
3398 3632 0
2563 2670 0
2999 3419 0
2632 2721 0
2430 2761 0
3827 4114 0
2477 2810 0
3338 4027 0
2850 2990 0
2576 2937 0
2870 3079 0
 
3422 4360 0
3326 3839 0
3286 3541 0
2961 3415 0
4252 4819 0
3593 4522 0
4756 5856 0
4245 4757 0
2731 2989 0
3244 4108 0
3754 4691 0
3583 4253 0
3243 3804 0
3864 4615 0
3288 3435 0
3327 3838 0
3471 4350 0
4024 4920 0
4754 5219 0
3790 4180 0
5011 5701 0
3468 4142 0
3785 4102 0
3877 4770 0
3994 5125 0
 
3607 4073 0
3467 3908 0
3253 3544 0
4255 5358 0
2970 3332 0
3373 3699 0
2829 3291 0
3568 3808 0
4795 5945 0
3623 4105 0
3541 4393 0
4014 4530 0
3727 4366 0
3402 3943 0
3333 3693 0
3885 4507 0
3891 4476 0
3684 4726 0
4762 5903 0
2668 4631 0
2926 3269 0
3963 4483 0
3469 4101 0
3731 3993 0
4169 4670 0
 
===
