578 582 0
295 295 1
825 848 0
376 376 1
386 386 1
493 493 1
382 382 1
326 326 1
413 414 0
507 508 0
438 438 1
308 308 1
700 707 0
357 357 1
407 407 1
385 385 1
846 846 1
928 929 0
481 481 1
372 372 1
386 386 1
264 264 1
764 770 0
661 661 1
718 739 0
 
842 945 0
796 829 0
1028 1139 0
729 760 0
770 858 0
1036 1165 0
1675 1986 0
1423 1554 0
1005 1038 0
415 418 0
516 525 0
923 1033 0
463 475 0
1329 1429 0
473 473 1
431 431 1
629 629 1
451 454 0
997 1002 0
673 689 0
956 1084 0
613 706 0
1248 1315 0
1418 1578 0
720 743 0
 
967 1991 0
887 1318 0
774 1618 0
794 996 0
500 658 0
1052 1683 0
693 858 0
685 921 0
548 635 0
886 1752 0
1065 1940 0
867 1085 0
1443 1601 0
799 1216 0
898 1307 0
511 647 0
748 1593 0
1480 1914 0
534 701 0
795 1484 0
779 1153 0
1033 2419 0
705 787 0
590 666 0
698 1006 0
 
347 1732 0
123 1451 0
472 1604 0
291 1344 0
901 2132 0
402 1819 0
748 1304 0
278 1178 0
609 1746 0
575 1799 0
346 1306 0
354 929 0
288 1084 0
263 1311 0
319 1074 0
664 1635 0
574 2068 0
318 1033 0
298 1685 0
78 1794 0
79 1108 0
250 1123 0
440 1851 0
696 2274 0
616 1156 0
 
776 2528 0
677 2215 0
372 1530 0
342 1317 0
194 952 0
475 1654 0
453 1851 0
442 1060 0
626 1663 0
176 1099 0
386 1671 0
600 1559 0
523 2064 0
493 1310 0
1238 2582 0
584 1915 0
535 1289 0
358 1752 0
257 2066 0
259 1236 0
161 930 0
533 2277 0
204 1474 0
569 1739 0
403 1199 0
 
===
