412 412 1
216 217 0
464 464 1
354 354 1
430 430 1
375 375 1
272 272 1
265 265 1
299 299 1
314 314 1
257 257 1
331 331 1
395 395 1
283 283 1
232 232 1
328 328 1
334 335 0
302 302 1
355 355 1
337 337 1
290 290 1
268 268 1
325 325 1
293 293 1
415 415 1
 
384 384 1
320 320 1
389 389 1
380 380 1
371 371 1
351 355 0
296 298 0
356 356 1
318 318 1
384 384 1
390 390 1
325 325 1
365 365 1
372 372 1
321 321 1
306 312 0
422 425 0
294 294 1
319 319 1
440 440 1
312 312 1
350 350 1
334 334 1
413 413 1
310 310 1
 
303 315 0
344 346 0
309 310 0
335 335 1
484 487 0
296 296 1
287 298 0
410 410 1
331 338 0
457 457 1
340 342 0
279 282 0
394 396 0
663 672 0
612 612 1
341 345 0
379 379 1
362 362 1
403 403 1
428 428 1
421 421 1
325 333 0
426 433 0
358 358 1
342 343 0
 
334 340 0
407 416 0
467 467 1
435 437 0
447 458 0
366 373 0
542 544 0
426 426 1
358 372 0
344 354 0
362 378 0
418 431 0
457 457 1
393 403 0
436 438 0
316 329 0
448 452 0
402 413 0
396 425 0
424 428 0
498 502 0
299 316 0
477 485 0
505 505 1
397 406 0
 
387 432 0
213 286 0
352 404 0
253 339 0
437 487 0
440 477 0
377 415 0
405 443 0
459 491 0
331 396 0
326 390 0
413 449 0
287 339 0
419 465 0
438 476 0
352 408 0
254 316 0
350 409 0
431 477 0
413 442 0
331 404 0
330 374 0
350 405 0
308 374 0
366 411 0
 
===
