2571 2585 0
2496 2496 1
2705 2709 0
1685 1685 1
1964 1966 0
2688 2688 1
2746 2807 0
2334 2334 1
2896 2898 0
2499 2502 0
2520 2523 0
1977 1977 1
1935 1935 1
2373 2375 0
1968 1968 1
1920 1921 0
1571 1571 1
2151 2154 0
3082 3082 1
1825 1825 1
2478 2478 1
2792 2792 1
2257 2260 0
2003 2025 0
3115 3119 0
 
3033 3036 0
2943 2943 1
2461 2491 0
3789 3789 1
1760 1765 0
2828 2848 0
1629 1635 0
2512 2524 0
1717 1721 0
2257 2257 1
1754 1757 0
3955 3958 0
3556 3577 0
2336 2345 0
2425 2429 0
3339 3339 1
3077 3082 0
2025 2031 0
3468 3468 1
2374 2383 0
4870 4897 0
1932 1957 0
2213 2224 0
1458 1469 0
1834 1846 0
 
3203 3272 0
2104 2190 0
2604 2782 0
2953 2963 0
3667 3780 0
2510 2634 0
3251 3254 0
2424 2472 0
2403 2436 0
2354 2442 0
1895 1982 0
3100 3135 0
2581 2643 0
2294 2320 0
3249 3307 0
1480 1601 0
1995 2071 0
2824 2853 0
2847 2903 0
3068 3139 0
2643 2670 0
2681 2690 0
3655 3675 0
1622 1636 0
2136 2151 0
 
3306 3560 0
2976 3055 0
2126 2202 0
3226 3609 0
1662 2028 0
1724 1980 0
2694 2874 0
3489 3863 0
2354 2576 0
3296 3488 0
2731 2916 0
2339 2506 0
2162 2387 0
3233 3496 0
1861 2199 0
2079 2345 0
3246 3415 0
1981 2216 0
3157 3350 0
2755 2870 0
3506 3869 0
3308 3542 0
4751 5168 0
2563 3044 0
2526 2683 0
 
143 2828 0
128 3080 0
95 2512 0
123 2657 0
128 2760 0
135 2774 0
140 2326 0
127 5658 0
110 3479 0
261 3126 0
267 2422 0
274 4028 0
135 4281 0
462 4627 0
279 2836 0
310 3512 0
173 2502 0
181 2608 0
247 2470 0
190 2602 0
293 3800 0
322 3410 0
375 3333 0
112 2805 0
300 3305 0
 
===
