34615 34622 0
33379 33379 1
35846 35846 1
34690 34690 1
38070 38070 1
32741 32741 1
33465 33466 0
36500 36500 1
32716 32716 1
33899 33899 1
37392 37392 1
32984 33017 0
31640 31640 1
31324 31324 1
35323 35323 1
34709 34709 1
33040 33040 1
35920 35923 0
32600 32651 0
33798 33798 1
41680 41684 0
28944 28981 0
33441 33441 1
42054 42054 1
39926 39935 0
 
29461 29493 0
36710 36750 0
37332 37334 0
30303 30303 1
34880 34880 1
44430 44464 0
33665 33701 0
32227 32250 0
32146 32146 1
34425 34461 0
32559 32607 0
33082 33120 0
57418 57452 0
44298 44330 0
37591 37591 1
39674 39686 0
46261 46290 0
36929 36929 1
40490 40571 0
35629 35629 1
33770 33770 1
38040 38040 1
31839 31839 1
29605 29605 1
40633 40633 1
 
36478 36478 1
37103 37150 0
34383 34392 0
36292 36298 0
36416 36416 1
39535 39601 0
45772 45829 0
38617 38641 0
42310 42312 0
41219 41347 0
41394 41394 1
42652 42699 0
40351 40381 0
38568 38597 0
36534 36534 1
34780 34780 1
35932 36000 0
37889 37896 0
36218 36236 0
39528 39528 1
37096 37132 0
39130 39139 0
39604 39685 0
48188 48222 0
44779 44801 0
 
49760 49891 0
40160 40169 0
51393 51398 0
45592 45657 0
40485 40507 0
34770 34788 0
42753 42853 0
42177 42187 0
43251 43251 1
42803 42808 0
42671 42704 0
42929 42929 1
39370 39370 1
40666 40731 0
50207 50267 0
47920 47991 0
51312 51436 0
43226 43226 1
46856 46877 0
38450 38513 0
38458 38466 0
39556 39589 0
39227 39244 0
45802 45882 0
40597 40681 0
 
5663 33392 0
5892 33725 0
4635 33714 0
4784 33173 0
4419 34341 0
4954 41245 0
3429 36688 0
6150 36508 0
4621 41747 0
3510 35728 0
3818 33723 0
6731 33839 0
5338 34131 0
5815 33663 0
5427 33579 0
5266 33346 0
5499 33391 0
4767 33433 0
3516 33043 0
3892 33313 0
8628 49470 0
3332 38723 0
6494 37006 0
1990 37831 0
5362 36695 0
 
===
