7248 7251 0
6959 6965 0
5469 5469 1
5246 5246 1
6132 6132 1
6634 6634 1
6828 6828 1
6076 6076 1
5467 5467 1
7087 7087 1
7951 7951 1
5672 5672 1
6592 6593 0
8393 8393 1
6682 6682 1
5689 5689 1
8406 8406 1
7620 7631 0
5891 5891 1
6574 6574 1
7773 7773 1
7058 7058 1
7778 7778 1
5900 5900 1
5513 5513 1
 
7593 7595 0
6169 6169 1
8453 8453 1
7852 7857 0
7836 7850 0
6631 6631 1
6139 6139 1
9040 9047 0
7135 7135 1
8318 8335 0
9465 9467 0
5921 5921 1
6163 6163 1
6628 6629 0
5745 5745 1
8575 8578 0
4995 4995 1
6250 6260 0
7563 7563 1
5477 5477 1
8265 8265 1
5715 5715 1
7746 7746 1
7149 7149 1
6095 6097 0
 
9421 9421 1
8779 8779 1
8892 8906 0
7747 7747 1
7550 7550 1
6315 6315 1
8626 8626 1
7881 7881 1
6135 6135 1
8283 8283 1
8478 8478 1
5035 5035 1
12318 12318 1
11355 11355 1
8944 8944 1
10716 10744 0
8440 8440 1
10542 10542 1
7862 7862 1
8292 8294 0
9144 9154 0
6297 6297 1
8679 8679 1
9054 9054 1
5453 5453 1
 
8027 8032 0
8897 8897 1
6476 6476 1
7323 7323 1
8869 8869 1
7961 7961 1
8539 8552 0
9363 9363 1
6961 6961 1
9018 9018 1
6698 6703 0
10033 10033 1
10188 10188 1
6443 6444 0
8010 8010 1
6604 6604 1
7584 7585 0
6212 6216 0
8440 8440 1
7377 7377 1
8038 8038 1
7634 7634 1
11172 11172 1
6544 6544 1
9577 9592 0
 
1477 9662 0
1191 7591 0
1286 10382 0
967 6444 0
1586 8767 0
1451 10289 0
1463 8648 0
1270 8074 0
1305 7822 0
1219 7607 0
1291 7374 0
1379 8490 0
1606 9664 0
1526 11033 0
1295 7503 0
1475 9483 0
1361 11555 0
1182 6746 0
1304 8507 0
1492 10400 0
1328 8864 0
1227 8469 0
1079 9833 0
1040 8699 0
1231 8909 0
 
===
