407 407 1
216 216 1
462 462 1
351 351 1
428 428 1
376 376 1
272 272 1
266 266 1
299 299 1
315 315 1
257 257 1
331 331 1
371 371 1
283 283 1
232 232 1
328 328 1
335 335 1
301 301 1
355 355 1
337 337 1
290 290 1
268 268 1
324 324 1
292 292 1
414 414 1
 
384 384 1
318 318 1
388 388 1
380 380 1
370 370 1
351 354 0
297 298 0
356 356 1
319 319 1
384 384 1
393 393 1
325 325 1
367 367 1
372 372 1
321 321 1
310 313 0
422 425 0
295 295 1
319 319 1
440 440 1
312 312 1
341 341 1
334 334 1
412 412 1
310 310 1
 
307 315 0
343 344 0
310 311 0
335 335 1
482 485 0
294 294 1
290 298 0
411 411 1
332 338 0
456 456 1
440 441 0
358 360 0
485 487 0
481 487 0
415 415 1
347 350 0
385 385 1
360 360 1
404 404 1
434 434 1
428 428 1
324 329 0
421 426 0
358 358 1
324 325 0
 
332 336 0
362 367 0
465 465 1
427 428 0
449 458 0
371 377 0
513 515 0
419 419 1
362 376 0
345 354 0
383 398 0
419 431 0
450 450 1
397 405 0
414 414 1
319 331 0
424 426 0
411 417 0
413 431 0
418 421 0
485 489 0
304 315 0
478 485 0
503 503 1
400 406 0
 
414 432 0
240 286 0
375 402 0
270 338 0
460 486 0
451 478 0
383 415 0
420 443 0
470 492 0
346 398 0
353 392 0
427 449 0
302 339 0
428 461 0
446 467 0
366 409 0
277 317 0
366 408 0
453 479 0
427 442 0
364 406 0
350 373 0
374 405 0
330 374 0
380 409 0
 
===
