2586 2586 1
2496 2496 1
2710 2710 1
1684 1684 1
1964 1964 1
2688 2688 1
2807 2807 1
2344 2344 1
2898 2898 1
2502 2502 1
2518 2521 0
1975 1975 1
1935 1935 1
2376 2376 1
1961 1961 1
1918 1918 1
1569 1569 1
2152 2155 0
3082 3082 1
1825 1825 1
2478 2478 1
2793 2793 1
2256 2256 1
2025 2027 0
3118 3118 1
 
3035 3036 0
2945 2945 1
2489 2494 0
3789 3789 1
1761 1764 0
2837 2847 0
1618 1623 0
2220 2226 0
1552 1553 0
2061 2061 1
1750 1751 0
3113 3116 0
3521 3530 0
2329 2333 0
2420 2420 1
3231 3231 1
3015 3017 0
2002 2005 0
3450 3450 1
2365 2373 0
4830 4845 0
1944 1944 1
2195 2201 0
1454 1461 0
1841 1847 0
 
3204 3254 0
2114 2181 0
2626 2746 0
2923 2931 0
3649 3738 0
2520 2615 0
3236 3239 0
2414 2443 0
2402 2422 0
2368 2427 0
1901 1972 0
3103 3125 0
2589 2631 0
2272 2289 0
3242 3278 0
1489 1589 0
1985 2039 0
2662 2669 0
2849 2883 0
3079 3133 0
2484 2501 0
2670 2673 0
3649 3663 0
1594 1603 0
2130 2141 0
 
3382 3543 0
2947 2987 0
2142 2189 0
3330 3584 0
1737 2021 0
1782 1970 0
2743 2859 0
3590 3847 0
2417 2567 0
3340 3447 0
2768 2902 0
2403 2498 0
2220 2370 0
3318 3490 0
1961 2199 0
2161 2343 0
3288 3396 0
2026 2217 0
3150 3260 0
2809 2868 0
3713 3875 0
3374 3541 0
4913 5168 0
2626 3046 0
2592 2683 0
 
362 2825 0
391 3079 0
288 2509 0
337 2653 0
385 2750 0
359 2772 0
345 2323 0
465 5726 0
388 3478 0
501 3120 0
439 2420 0
396 4025 0
646 4453 0
780 4670 0
414 2834 0
569 3508 0
345 2500 0
416 2605 0
364 2469 0
395 2601 0
537 3795 0
633 3430 0
575 3329 0
412 2907 0
411 3296 0
 
===
