34146 34146 1
33247 33247 1
38933 38933 1
30131 30131 1
37020 37020 1
32794 32794 1
32519 32519 1
36251 36251 1
34259 34259 1
33870 33870 1
38107 38107 1
32763 32763 1
31636 31636 1
31806 31806 1
34944 34944 1
34737 34737 1
32882 32882 1
35186 35186 1
32599 32599 1
29611 29611 1
36068 36068 1
27329 27329 1
30188 30188 1
38766 38766 1
32409 32409 1
 
29375 29375 1
36447 36447 1
37474 37474 1
30252 30252 1
34798 34798 1
44031 44031 1
33147 33147 1
31314 31314 1
32071 32071 1
34256 34256 1
32623 32623 1
32948 32948 1
43577 43577 1
37186 37186 1
42350 42350 1
44157 44157 1
38916 38916 1
34391 34391 1
39773 39773 1
35337 35337 1
32059 32059 1
38436 38436 1
31852 31852 1
29540 29540 1
40331 40331 1
 
36541 36541 1
37057 37057 1
34037 34037 1
36283 36283 1
36768 36768 1
38705 38705 1
39156 39156 1
35017 35017 1
35723 35723 1
37649 37649 1
37864 37864 1
39179 39179 1
39866 39866 1
37873 37873 1
36396 36396 1
34715 34715 1
35857 35857 1
37442 37442 1
35978 35978 1
39642 39642 1
36934 36934 1
39269 39269 1
84329 84329 1
53418 53418 1
43649 43649 1
 
48647 48647 1
44553 44553 1
48220 48220 1
44884 44884 1
40541 40541 1
35255 35255 1
43205 43205 1
42085 42085 1
43296 43296 1
41246 41246 1
42641 42641 1
42997 42997 1
36591 36591 1
41418 41418 1
39696 39696 1
40679 40679 1
43455 43455 1
37937 37937 1
41977 41977 1
38036 38036 1
38172 38172 1
39484 39484 1
39020 39020 1
45819 45819 1
40213 40213 1
 
10453 15341 0
11537 15333 0
11001 15224 0
11496 15286 0
27542 39220 0
13241 18946 0
12667 17108 0
12331 16285 0
13692 18741 0
10400 15762 0
11247 15404 0
11812 15039 0
10946 15930 0
11612 15349 0
11834 15277 0
10387 15202 0
10638 15259 0
11146 15098 0
10663 15022 0
10736 15349 0
10749 15302 0
10981 15360 0
11587 15255 0
11498 15007 0
11887 14945 0
 
===
