7189 7189 1
6868 6868 1
4982 4982 1
5242 5242 1
6088 6088 1
6635 6635 1
6828 6828 1
6091 6091 1
5397 5397 1
7314 7314 1
7949 7949 1
5660 5660 1
6588 6588 1
8399 8399 1
6690 6690 1
5689 5689 1
7728 7728 1
7585 7585 1
5891 5891 1
6578 6578 1
7791 7791 1
7049 7049 1
7651 7651 1
5903 5903 1
5481 5481 1
 
7530 7530 1
6173 6173 1
8455 8455 1
7851 7851 1
7852 7852 1
6633 6633 1
6139 6139 1
9054 9054 1
7083 7083 1
8340 8340 1
9454 9454 1
5917 5917 1
6090 6090 1
6620 6620 1
5742 5742 1
8581 8581 1
5027 5027 1
6271 6271 1
7561 7561 1
5480 5480 1
8260 8260 1
5714 5714 1
7748 7748 1
7077 7077 1
6097 6097 1
 
9424 9424 1
8791 8791 1
8908 8908 1
7749 7749 1
7549 7549 1
6306 6306 1
8811 8811 1
7886 7886 1
6137 6137 1
8282 8282 1
11160 11160 1
6741 6741 1
9974 9974 1
8910 8910 1
8567 8567 1
10779 10779 1
8705 8705 1
10476 10476 1
8015 8015 1
8183 8183 1
9216 9216 1
6931 6931 1
8579 8579 1
9066 9066 1
5448 5448 1
 
8097 8097 1
8779 8779 1
6478 6478 1
7338 7338 1
8641 8641 1
8089 8089 1
8526 8526 1
9363 9363 1
6865 6865 1
8923 8923 1
6657 6657 1
10029 10029 1
10175 10175 1
6443 6443 1
8013 8013 1
6564 6564 1
7593 7593 1
6281 6281 1
8441 8441 1
7379 7379 1
7999 7999 1
7633 7633 1
11160 11160 1
6562 6562 1
9595 9595 1
 
2351 9674 0
1895 7560 0
2576 10425 0
1507 6437 0
2594 8760 0
2305 10301 0
2342 8632 0
1966 8061 0
2091 7807 0
1943 7600 0
2097 7366 0
2183 8483 0
2603 9698 0
2410 11031 0
2101 7507 0
2361 9503 0
2578 11778 0
1881 6739 0
2050 8520 0
2390 10486 0
2112 8855 0
1975 8476 0
2192 9836 0
2076 8750 0
2062 8910 0
 
===
