746 751 0
1598 1616 0
828 842 0
1700 1705 0
2545 2559 0
483 483 1
1339 1398 0
816 818 0
591 593 0
873 896 0
357 357 1
390 390 1
1281 1291 0
493 493 1
260 260 1
307 308 0
414 414 1
565 565 1
434 444 0
628 628 1
1009 1016 0
612 616 0
924 924 1
1396 1409 0
662 663 0
 
1686 1691 0
1811 1919 0
392 398 0
2166 2241 0
1887 1930 0
1328 1336 0
949 961 0
682 695 0
1204 1209 0
1796 1798 0
527 527 1
1695 1719 0
1244 1277 0
1271 1281 0
1467 1477 0
858 875 0
1667 1725 0
1638 1648 0
2103 2233 0
759 776 0
1131 1141 0
1349 1408 0
1677 1747 0
1208 1241 0
1452 1500 0
 
1631 1817 0
1221 1602 0
2220 2359 0
2186 2208 0
1140 1313 0
1504 1795 0
2094 2147 0
2826 2965 0
2484 2556 0
1052 1227 0
1221 1262 0
1585 1673 0
731 769 0
1880 2121 0
1984 2161 0
2212 2262 0
2273 2439 0
2232 2438 0
1563 1699 0
4511 4698 0
2717 2727 0
2573 2761 0
2134 2168 0
2095 2306 0
1007 1421 0
 
2231 2578 0
3345 3925 0
2091 2726 0
1217 1484 0
4093 4398 0
1742 1998 0
1791 2103 0
1450 1656 0
3241 3591 0
3460 4105 0
1736 2153 0
1187 1321 0
4566 5031 0
1381 1620 0
2013 2329 0
2080 3096 0
1867 2252 0
2835 3675 0
1782 2023 0
1874 2121 0
1981 2302 0
2880 3410 0
2173 2641 0
1995 2356 0
2953 3684 0
 
1311 1706 0
1854 2137 0
1970 3159 0
1623 2030 0
2058 2365 0
1017 1377 0
2165 2622 0
2033 2391 0
1019 1765 0
1454 1695 0
1321 1641 0
2292 2834 0
2269 3113 0
1486 1763 0
1098 1443 0
518 836 0
1794 3208 0
2653 3166 0
2791 3113 0
2754 3237 0
1836 2131 0
1781 2638 0
3564 4154 0
1156 2101 0
810 1179 0
 
===
