695 695 1
2515 2544 0
1116 1119 0
769 769 1
981 981 1
519 519 1
1802 1828 0
1011 1011 1
1863 1884 0
1306 1310 0
2412 2444 0
1070 1082 0
2046 2078 0
874 877 0
1972 1991 0
1162 1163 0
1474 1478 0
1007 1007 1
720 720 1
865 865 1
1265 1271 0
798 798 1
1105 1105 1
1011 1011 1
1841 1856 0
 
1891 1918 0
2062 2064 0
2601 2644 0
2348 2374 0
2823 2857 0
1731 1733 0
2208 2232 0
2499 2534 0
3125 3158 0
2670 2722 0
1889 1902 0
2669 2761 0
3531 3596 0
2572 2593 0
2540 2567 0
2683 2737 0
2028 2044 0
2748 2788 0
3371 3465 0
2275 2293 0
1749 1762 0
1645 1645 1
1863 1866 0
2327 2374 0
2229 2244 0
 
2738 2755 0
3036 3093 0
5359 5461 0
1883 1901 0
2988 3014 0
3291 3332 0
3782 3802 0
4602 4739 0
2677 2707 0
3906 4040 0
3263 3279 0
2576 2596 0
2686 2708 0
3721 3781 0
3607 3634 0
2596 2641 0
3338 3403 0
2681 2701 0
2692 2761 0
4033 4108 0
2747 2809 0
3944 4008 0
2967 2994 0
2850 2936 0
3002 3076 0
 
3164 4360 0
2813 3841 0
3003 3540 0
2817 3409 0
3547 4814 0
3099 4530 0
4452 5854 0
3467 4756 0
2512 2994 0
2571 4104 0
3423 4695 0
3038 4258 0
2866 3808 0
3473 4600 0
2924 3437 0
2609 3842 0
2862 4356 0
3949 4929 0
4295 5247 0
3324 4177 0
3350 5697 0
3035 4136 0
3255 4096 0
3109 4770 0
3387 5123 0
 
511 3882 0
479 3894 0
464 3546 0
652 5176 0
499 3330 0
440 3697 0
331 3234 0
480 3815 0
606 5580 0
483 4104 0
535 4389 0
658 4082 0
609 4271 0
494 3925 0
516 3684 0
494 4475 0
614 4083 0
493 4665 0
623 5516 0
454 4455 0
312 3267 0
540 4468 0
575 4014 0
620 3984 0
600 4675 0
 
===
