4544 4576 0
5223 5254 0
4182 4188 0
7339 7355 0
4945 4953 0
4305 4320 0
6006 6030 0
6007 6024 0
4793 4815 0
4475 4475 1
3761 3774 0
4332 4339 0
6611 6649 0
5709 5747 0
5313 5337 0
5443 5482 0
4996 5013 0
5247 5264 0
6299 6305 0
5228 5244 0
4018 4026 0
6118 6140 0
5036 5060 0
4660 4676 0
5131 5141 0
 
12809 12941 0
11264 11354 0
9188 9213 0
12850 12995 0
9174 9203 0
13129 13280 0
9712 9780 0
10436 10542 0
11486 11541 0
9369 9398 0
12266 12327 0
12607 12678 0
9091 9123 0
12335 12446 0
9018 9057 0
12651 12749 0
9569 9652 0
10672 10735 0
10945 11035 0
9970 10000 0
9650 9689 0
11889 11977 0
10369 10399 0
12782 12860 0
9004 9054 0
 
15382 15499 0
19146 19356 0
16816 16970 0
14710 14836 0
15875 16002 0
15414 15515 0
13842 13943 0
16431 16587 0
16164 16349 0
14876 14975 0
17774 18081 0
17154 17281 0
29692 29851 0
15207 15321 0
13105 13137 0
14627 14747 0
16866 17029 0
16359 16516 0
15826 16120 0
13380 13439 0
18415 18583 0
14277 14316 0
18687 18966 0
14710 14817 0
12702 12794 0
 
566 24563 0
13617 22346 0
5476 23275 0
11050 21099 0
12316 21494 0
13003 19183 0
11669 21298 0
12646 19159 0
13645 22747 0
9806 21904 0
13864 17926 0
5676 25825 0
3897 23043 0
8266 21512 0
12868 19303 0
11937 21317 0
8881 21032 0
11018 21906 0
16168 21679 0
10655 21256 0
20384 32101 0
6555 26562 0
11830 18236 0
14898 21204 0
16291 21808 0
 
2177 22084 0
1594 22022 0
2929 22209 0
2025 20493 0
1724 24401 0
2370 19128 0
1628 19843 0
2272 22674 0
1629 21758 0
1697 20467 0
2256 21183 0
2171 19078 0
1740 22548 0
1581 22929 0
866 19684 0
2139 21234 0
2421 20606 0
1451 24005 0
2118 17678 0
2800 21630 0
2677 21584 0
2660 22335 0
2976 21885 0
3039 20221 0
4240 38929 0
 
===
