574 582 0
295 295 1
833 848 0
373 376 0
386 386 1
490 493 0
382 382 1
325 326 0
406 414 0
498 508 0
437 437 1
308 308 1
693 707 0
352 357 0
402 407 0
384 385 0
830 845 0
899 928 0
479 481 0
372 372 1
384 386 0
265 265 1
741 769 0
654 661 0
703 738 0
 
882 944 0
807 829 0
1085 1138 0
734 760 0
805 858 0
1113 1165 0
1859 1989 0
1484 1555 0
1004 1038 0
414 418 0
524 525 0
979 1033 0
471 475 0
1349 1429 0
469 473 0
431 431 1
627 629 0
452 454 0
991 1003 0
679 689 0
1031 1084 0
662 706 0
1252 1315 0
1512 1576 0
720 743 0
 
1859 1993 0
1280 1319 0
1429 1617 0
981 996 0
633 658 0
1604 1683 0
850 858 0
909 922 0
629 635 0
1642 1752 0
1825 1937 0
1059 1085 0
1543 1601 0
1177 1217 0
1271 1307 0
622 647 0
1471 1593 0
1812 1915 0
674 701 0
1384 1482 0
962 1151 0
2286 2417 0
782 786 0
663 666 0
862 1006 0
 
1204 1512 0
593 1531 0
1078 1517 0
586 986 0
1412 2017 0
1290 1632 0
1070 1290 0
458 1114 0
1055 1438 0
1209 1502 0
801 1229 0
524 892 0
924 1047 0
771 1010 0
616 816 0
952 1264 0
1520 2061 0
460 886 0
1258 1589 0
615 2167 0
497 1154 0
435 830 0
1257 1686 0
1492 2491 0
834 1200 0
 
1630 2271 0
1359 2004 0
519 981 0
568 1131 0
508 889 0
997 1533 0
559 973 0
577 906 0
657 1295 0
278 757 0
1122 1578 0
864 1372 0
1191 1934 0
806 1281 0
980 2173 0
686 1291 0
698 1217 0
1077 1495 0
1001 1795 0
485 988 0
356 867 0
981 1643 0
295 875 0
1125 1483 0
428 924 0
 
===
