407 425 0
347 370 0
428 459 0
484 495 0
411 422 0
382 396 0
386 401 0
402 422 0
472 493 0
454 468 0
327 346 0
277 323 0
503 513 0
311 352 0
357 393 0
326 376 0
389 412 0
415 428 0
379 403 0
461 463 0
368 397 0
475 488 0
483 500 0
433 447 0
421 455 0
 
408 480 0
767 889 0
480 562 0
365 428 0
475 558 0
525 583 0
379 444 0
402 458 0
405 460 0
569 624 0
319 425 0
369 446 0
353 419 0
426 479 0
448 534 0
423 492 0
462 512 0
374 465 0
246 317 0
418 475 0
424 497 0
538 611 0
336 424 0
296 369 0
391 466 0
 
264 439 0
297 551 0
287 426 0
386 565 0
393 542 0
351 492 0
229 388 0
365 557 0
306 484 0
318 516 0
256 389 0
278 470 0
206 382 0
223 362 0
256 427 0
344 529 0
341 486 0
242 392 0
220 355 0
234 380 0
420 595 0
332 493 0
259 422 0
245 374 0
201 340 0
 
291 580 0
331 593 0
205 476 0
213 444 0
260 535 0
134 317 0
260 568 0
182 413 0
277 587 0
283 570 0
269 515 0
143 368 0
202 455 0
166 390 0
278 546 0
187 409 0
325 553 0
217 427 0
203 442 0
236 441 0
194 426 0
135 343 0
225 478 0
168 393 0
205 497 0
 
===
