14813 33391 0
11438 33523 0
11482 38378 0
11807 33325 0
15461 37476 0
12968 37500 0
14799 36696 0
14733 36458 0
9340 33765 0
12516 33565 0
12502 33585 0
13464 33484 0
13469 33611 0
10741 33308 0
10643 33466 0
13046 33546 0
10626 33371 0
13427 33358 0
13890 33487 0
11680 38296 0
16352 39854 0
11184 37340 0
15126 36490 0
13670 33728 0
12575 33623 0
 
5467 33961 0
4626 33896 0
5416 33491 0
4691 33464 0
4905 33695 0
4755 33929 0
5711 33220 0
5097 33349 0
12876 79381 0
6136 37619 0
5545 37122 0
6279 39975 0
4487 37277 0
4107 34378 0
3348 34273 0
4241 33259 0
5513 33443 0
2080 33519 0
5609 33632 0
4838 34063 0
3760 33406 0
5654 32911 0
4426 33083 0
8501 50310 0
6195 36885 0
 
4097 34862 0
3958 33734 0
3118 32867 0
3288 29851 0
3334 30141 0
3947 31720 0
3297 31072 0
3862 31472 0
3269 30010 0
3486 30863 0
2321 30200 0
3389 30450 0
7176 64812 0
3699 36388 0
4435 33964 0
3134 34097 0
3103 34541 0
2558 29860 0
3307 30913 0
3643 31466 0
2480 30256 0
3706 30920 0
1635 28916 0
3211 30818 0
2953 30196 0
 
2756 30493 0
3009 28058 0
3362 33342 0
3101 33080 0
2445 32974 0
768 28631 0
1645 28007 0
1730 27281 0
2503 28919 0
1819 28801 0
2152 29771 0
2184 26442 0
2773 29152 0
1336 27514 0
1413 29805 0
2205 27677 0
2622 32696 0
2497 31465 0
2602 31357 0
2230 32656 0
2275 27372 0
2502 29081 0
1797 26755 0
2464 29023 0
1705 27315 0
 
===
