685 5313 0
738 3008 0
1003 4146 0
922 4238 0
462 3178 0
913 3256 0
710 3018 0
539 3084 0
805 3134 0
479 2108 0
911 3714 0
506 2350 0
577 2650 0
765 2559 0
380 2909 0
568 2687 0
826 3701 0
598 2855 0
539 4325 0
715 4005 0
672 2986 0
1030 4068 0
825 3897 0
896 3784 0
735 4370 0
 
201 2285 0
392 3554 0
340 3597 0
122 2302 0
313 4128 0
174 2034 0
272 3211 0
199 2727 0
232 2543 0
222 4464 0
331 3764 0
119 4014 0
464 3888 0
202 3983 0
262 2780 0
216 2466 0
289 3734 0
202 2941 0
359 3941 0
297 2885 0
250 3264 0
283 3681 0
157 2289 0
304 3276 0
241 3009 0
 
93 2058 0
163 2653 0
151 2936 0
205 3071 0
171 2404 0
146 3120 0
238 2949 0
66 2613 0
208 3388 0
100 2354 0
193 3291 0
214 3049 0
159 2791 0
119 2841 0
108 3083 0
192 2518 0
162 2875 0
121 2354 0
109 2746 0
205 2958 0
110 2360 0
129 2563 0
134 3336 0
130 3051 0
124 2879 0
 
86 2539 0
63 2352 0
88 2532 0
173 2581 0
56 2286 0
78 2774 0
158 2548 0
66 2152 0
101 2617 0
77 2143 0
52 2560 0
114 2630 0
121 2199 0
64 2490 0
114 2627 0
101 2374 0
176 2805 0
91 2426 0
90 1950 0
146 2843 0
145 2395 0
172 2687 0
140 2842 0
83 2333 0
85 2720 0
 
===
