3920 8181 0
3760 10274 0
3333 7746 0
3197 6909 0
4021 9448 0
4245 11589 0
3547 9509 0
3779 10574 0
3175 6778 0
3355 8138 0
3161 7951 0
2917 9098 0
3600 7382 0
3341 6969 0
2826 7631 0
3366 7912 0
3932 8030 0
4019 10013 0
3173 8069 0
2925 6999 0
3581 8004 0
3236 8484 0
3641 9818 0
3952 9594 0
2007 8890 0
 
1555 11575 0
1563 10760 0
1217 9594 0
1211 9429 0
1083 8910 0
1090 7898 0
1035 7288 0
1045 9915 0
1110 8328 0
1403 10356 0
1072 9442 0
1178 10340 0
1045 8768 0
1242 10242 0
1248 9473 0
884 10927 0
1272 9950 0
984 9530 0
1063 8761 0
1087 9326 0
1146 9307 0
840 6574 0
1369 9915 0
1166 8515 0
988 9050 0
 
545 7270 0
693 8798 0
809 8455 0
622 7462 0
549 7535 0
768 7628 0
707 7807 0
521 8079 0
814 7916 0
907 9194 0
465 7162 0
521 6900 0
758 8013 0
688 7757 0
784 8358 0
912 8272 0
301 8979 0
659 7632 0
405 6675 0
640 7630 0
498 8247 0
310 8698 0
503 6335 0
708 8192 0
533 7770 0
 
513 7903 0
611 6512 0
604 7137 0
301 6423 0
436 8162 0
548 7092 0
460 7183 0
604 7183 0
469 7439 0
552 7295 0
447 7028 0
611 7164 0
476 6702 0
480 7335 0
447 6463 0
535 6072 0
684 9494 0
474 6658 0
463 7413 0
498 7197 0
598 6949 0
388 6731 0
499 6473 0
539 7694 0
481 6519 0
 
===
