753 753 1
104 104 1
306 306 1
123 123 1
132 132 1
1108 1108 1
1137 1137 1
178 178 1
112 112 1
825 825 1
591 591 1
360 360 1
246 246 1
122 122 1
353 353 1
136 136 1
199 199 1
437 437 1
749 749 1
116 116 1
585 585 1
166 166 1
120 120 1
403 403 1
191 191 1
 
621 621 1
301 301 1
284 284 1
945 945 1
172 172 1
188 188 1
273 273 1
585 585 1
288 288 1
595 595 1
235 235 1
383 383 1
172 172 1
108 108 1
1134 1134 1
372 372 1
315 315 1
107 107 1
669 669 1
580 580 1
273 273 1
122 122 1
124 124 1
215 215 1
255 255 1
 
717 717 1
405 405 1
388 388 1
1300 1300 1
246 246 1
816 816 1
550 550 1
369 369 1
199 199 1
649 649 1
260 260 1
136 136 1
636 636 1
804 804 1
343 343 1
572 572 1
339 339 1
337 337 1
381 381 1
1046 1046 1
851 851 1
442 442 1
344 344 1
280 280 1
480 480 1
 
1545 1545 1
657 657 1
437 437 1
1832 1832 1
224 224 1
1299 1299 1
654 654 1
1351 1351 1
1553 1553 1
440 440 1
518 518 1
637 637 1
858 858 1
1956 1956 1
106 106 1
635 635 1
285 285 1
531 531 1
863 863 1
352 352 1
242 242 1
731 731 1
169 169 1
430 430 1
923 923 1
 
749 749 1
1615 1615 1
841 841 1
1705 1705 1
2559 2559 1
484 484 1
1400 1400 1
817 817 1
593 593 1
895 895 1
356 356 1
391 391 1
1286 1286 1
496 496 1
260 260 1
307 307 1
414 414 1
564 564 1
444 444 1
628 628 1
1013 1013 1
617 617 1
923 923 1
1411 1411 1
662 662 1
 
991 991 1
930 930 1
1438 1438 1
504 504 1
846 846 1
1924 1924 1
1022 1022 1
485 485 1
1019 1019 1
1286 1286 1
550 550 1
509 509 1
392 392 1
970 970 1
1392 1392 1
905 905 1
740 740 1
433 433 1
733 733 1
1513 1513 1
1319 1319 1
836 836 1
551 551 1
746 746 1
1145 1145 1
 
1692 1692 1
1191 1191 1
1767 1767 1
1365 1365 1
862 862 1
1173 1173 1
665 665 1
1490 1490 1
1090 1090 1
605 605 1
1377 1377 1
704 704 1
1021 1021 1
920 920 1
593 593 1
794 794 1
1666 1666 1
911 911 1
1723 1723 1
872 872 1
363 363 1
627 627 1
1925 1925 1
838 838 1
1488 1488 1
 
621 621 1
1568 1568 1
424 424 1
379 379 1
1942 1942 1
919 919 1
855 855 1
428 428 1
550 550 1
1363 1363 1
1205 1205 1
1644 1644 1
1283 1283 1
1134 1134 1
1933 1933 1
2247 2247 1
1564 1564 1
1804 1804 1
532 532 1
997 997 1
1464 1464 1
1598 1598 1
1804 1804 1
1171 1171 1
1133 1133 1
 
1530 1530 1
2679 2679 1
759 759 1
2377 2377 1
1445 1445 1
1330 1330 1
2146 2146 1
1263 1263 1
1250 1250 1
2533 2533 1
1720 1720 1
1345 1345 1
1415 1415 1
757 757 1
1193 1193 1
1456 1456 1
1234 1234 1
1589 1589 1
1349 1349 1
911 911 1
658 658 1
2146 2146 1
1428 1428 1
819 819 1
949 949 1
 
1682 1682 1
1890 1890 1
397 397 1
2235 2235 1
1927 1927 1
1338 1338 1
961 961 1
694 694 1
1207 1207 1
1782 1782 1
525 525 1
1720 1720 1
1273 1273 1
1280 1280 1
1473 1473 1
873 873 1
1721 1721 1
1637 1637 1
2228 2228 1
773 773 1
1133 1133 1
1407 1407 1
1740 1740 1
1240 1240 1
1499 1499 1
 
2469 2469 1
1190 1190 1
1216 1216 1
1786 1786 1
1561 1561 1
738 738 1
2333 2333 1
1493 1493 1
1056 1056 1
1569 1569 1
1774 1774 1
1634 1634 1
1101 1101 1
2811 2811 1
2545 2545 1
1199 1199 1
1595 1595 1
2040 2040 1
3262 3262 1
1475 1475 1
924 924 1
1015 1015 1
1273 1273 1
1392 1392 1
1717 1717 1
 
2250 2250 1
1508 1508 1
1158 1158 1
3257 3257 1
1371 1371 1
781 781 1
1747 1747 1
2409 2409 1
2085 2085 1
1317 1317 1
2527 2527 1
2074 2074 1
1780 1780 1
1121 1121 1
2094 2094 1
1151 1151 1
1304 1304 1
998 998 1
1528 1528 1
1468 1468 1
841 841 1
1105 1105 1
1976 1976 1
2097 2097 1
1220 1220 1
 
931 931 1
2487 2487 1
1269 1269 1
2276 2276 1
1454 1454 1
2119 2119 1
2807 2807 1
1632 1632 1
1039 1039 1
798 798 1
1274 1274 1
1818 1818 1
1734 1734 1
1961 1961 1
1131 1131 1
1401 1401 1
2008 2008 1
1065 1065 1
945 945 1
986 986 1
2191 2191 1
1772 1772 1
2329 2329 1
1476 1476 1
1749 1749 1
 
1769 1769 1
1800 1800 1
2501 2501 1
2867 2867 1
2018 2018 1
2258 2258 1
1433 1433 1
1812 1812 1
1737 1737 1
2038 2038 1
2100 2100 1
2041 2041 1
2147 2147 1
2558 2558 1
728 728 1
2110 2110 1
1466 1466 1
2104 2104 1
1030 1030 1
1888 1888 1
2267 2267 1
3209 3209 1
2063 2063 1
1652 1652 1
1716 1716 1
 
1888 1888 1
1600 1600 1
2787 2787 1
2209 2209 1
1361 1361 1
2114 2114 1
2150 2150 1
2985 2985 1
2552 2552 1
1245 1245 1
1257 1257 1
1675 1675 1
770 770 1
2146 2146 1
2904 2904 1
2275 2275 1
2454 2454 1
2462 2462 1
1703 1703 1
4687 4687 1
2754 2754 1
2768 2768 1
2190 2190 1
2364 2364 1
1654 1654 1
 
1304 1304 1
3440 3440 1
3099 3099 1
1361 1361 1
1467 1467 1
3259 3259 1
2392 2392 1
2132 2132 1
2137 2137 1
3468 3468 1
2908 2908 1
2504 2504 1
2649 2649 1
1998 1998 1
985 985 1
1669 1669 1
2216 2216 1
2504 2504 1
3022 3022 1
1360 1360 1
2177 2177 1
2731 2731 1
2344 2344 1
2177 2177 1
1176 1176 1
 
2489 2489 1
2171 2171 1
3256 3256 1
2888 2888 1
1808 1808 1
1848 1848 1
2607 2607 1
2632 2632 1
3213 3213 1
2034 2034 1
1974 1974 1
2079 2079 1
1733 1733 1
2668 2668 1
3064 3064 1
1225 1225 1
1994 1994 1
2430 2430 1
2744 2744 1
3342 3342 1
2317 2317 1
1938 1938 1
1795 1795 1
2058 2058 1
3268 3268 1
 
2857 2857 1
2606 2606 1
2048 2048 1
2542 2542 1
3366 3366 1
1987 1987 1
1306 1306 1
2154 2154 1
3025 3025 1
2933 2933 1
2709 2709 1
1697 1697 1
1926 1926 1
1780 1780 1
3582 3582 1
2593 2593 1
1652 1652 1
2805 2805 1
3469 3469 1
2912 2912 1
1647 1647 1
3329 3329 1
1608 1608 1
1378 1378 1
2267 2267 1
 
1790 1790 1
2427 2427 1
1883 1883 1
3304 3304 1
1629 1629 1
3490 3490 1
1902 1902 1
2594 2594 1
4595 4595 1
2529 2529 1
2760 2760 1
1910 1910 1
2590 2590 1
2611 2611 1
2147 2147 1
3010 3010 1
3278 3278 1
1497 1497 1
3328 3328 1
2123 2123 1
1536 1536 1
3612 3612 1
2350 2350 1
3831 3831 1
3701 3701 1
 
2671 2671 1
4305 4305 1
2893 2893 1
2084 2084 1
4499 4499 1
2226 2226 1
2829 2829 1
1711 1711 1
3946 3946 1
4248 4248 1
2192 2192 1
2283 2283 1
5151 5151 1
2537 2537 1
2507 2507 1
3344 3344 1
3107 3107 1
3667 3667 1
2290 2290 1
2477 2477 1
3064 3064 1
3637 3637 1
2855 2855 1
2574 2574 1
3698 3698 1
 
1844 1844 1
2568 2568 1
3781 3781 1
2444 2444 1
2620 2620 1
1592 1592 1
2736 2736 1
2563 2563 1
1916 1916 1
1980 1980 1
2012 2012 1
3216 3216 1
4057 4057 1
2119 2119 1
1801 1801 1
1189 1189 1
3218 3218 1
3788 3788 1
3745 3745 1
4310 4310 1
2506 2506 1
2727 2727 1
4352 4352 1
2547 2547 1
1538 1538 1
 
2254 2254 1
4240 4240 1
2724 2724 1
4739 4739 1
1866 1866 1
3320 3320 1
2800 2800 1
5517 5517 1
2224 2224 1
1263 1263 1
3271 3271 1
3534 3534 1
2597 2597 1
3025 3025 1
2742 2742 1
3007 3007 1
1929 1929 1
2619 2619 1
3891 3891 1
2947 2947 1
6422 6422 1
2615 2615 1
3504 3504 1
3721 3721 1
3978 3978 1
 
2533 2533 1
3925 3925 1
4809 4809 1
3107 3107 1
5866 5866 1
2775 2775 1
4460 4460 1
3863 3863 1
3998 3998 1
3186 3186 1
4008 4008 1
3030 3030 1
2651 2651 1
4762 4762 1
3208 3208 1
3688 3688 1
4917 4917 1
3741 3741 1
2569 2569 1
2312 2312 1
2488 2488 1
3253 3253 1
2984 2984 1
2392 2392 1
4988 4988 1
 
3561 3561 1
4264 4264 1
3695 3695 1
4156 4156 1
2693 2693 1
3425 3425 1
3718 3718 1
3690 3690 1
4295 4295 1
2844 2844 1
6630 6630 1
2263 2263 1
2678 2678 1
2954 2954 1
3505 3505 1
4828 4828 1
3384 3384 1
2684 2684 1
2913 2913 1
2793 2793 1
3917 3917 1
2126 2126 1
5043 5043 1
2518 2518 1
2712 2712 1
 
4419 4419 1
3603 3603 1
4816 4816 1
5046 5046 1
2495 2495 1
3803 3803 1
4571 4571 1
2614 2614 1
4444 4444 1
3487 3487 1
3890 3890 1
3750 3750 1
1922 1922 1
2996 2996 1
3216 3216 1
2599 2599 1
4501 4501 1
3064 3064 1
3077 3077 1
5017 5017 1
3612 3612 1
2751 2751 1
3754 3754 1
4806 4806 1
2456 2456 1
 
2515 2515 1
1802 1802 1
3034 3034 1
2887 2887 1
4675 4675 1
3339 3339 1
2456 2456 1
2256 2256 1
3407 3407 1
3442 3442 1
3787 3787 1
4205 4205 1
2147 2147 1
3558 3558 1
2441 2441 1
3391 3391 1
3189 3189 1
3566 3566 1
5383 5383 1
5905 5905 1
5780 5780 1
2855 2855 1
4104 4104 1
2854 2854 1
3209 3209 1
 
3753 3753 1
4294 4294 1
4569 4569 1
3990 3990 1
5895 5895 1
3252 3252 1
3086 3086 1
4544 4544 1
5002 5002 1
4277 4277 1
2247 2247 1
3476 3476 1
4107 4107 1
6324 6324 1
3617 3617 1
2643 2643 1
2512 2512 1
3944 3944 1
3037 3037 1
3053 3053 1
4320 4320 1
3537 3537 1
4413 4413 1
3368 3368 1
4483 4483 1
 
2140 2140 1
3431 3431 1
2855 2855 1
3065 3066 0
4387 4387 1
5151 5151 1
2950 2950 1
2426 2426 1
4184 4184 1
4354 4354 1
3092 3092 1
4620 4620 1
3113 3113 1
2739 2739 1
5010 5010 1
3089 3089 1
3935 3935 1
5191 5191 1
3333 3333 1
3618 3618 1
3344 3344 1
1929 1929 1
3633 3633 1
2023 2023 1
3213 3213 1
 
3189 3189 1
5429 5429 1
5156 5156 1
5042 5042 1
4464 4464 1
5130 5130 1
4218 4218 1
3414 3414 1
2845 2845 1
3176 3176 1
4376 4376 1
2736 2736 1
3159 3159 1
2303 2303 1
3659 3659 1
5522 5522 1
4518 4518 1
2918 2918 1
3870 3870 1
3367 3367 1
3682 3682 1
3095 3095 1
5479 5479 1
4375 4375 1
1982 1982 1
 
5571 5571 1
3481 3481 1
5236 5236 1
3487 3487 1
4311 4311 1
4162 4162 1
6222 6222 1
4256 4256 1
4868 4868 1
3230 3230 1
4622 4622 1
3839 3839 1
6026 6030 0
3340 3340 1
2801 2803 0
5267 5267 1
3119 3119 1
5023 5023 1
3373 3373 1
3491 3491 1
3019 3019 1
4252 4252 1
3332 3332 1
2074 2074 1
2931 2933 0
 
3282 3282 1
4146 4147 0
4558 4558 1
5206 5207 0
5637 5637 1
3518 3518 1
4420 4420 1
3500 3500 1
2636 2636 1
4238 4238 1
5362 5362 1
3666 3666 1
4398 4398 1
2320 2322 0
4191 4191 1
3522 3522 1
3347 3347 1
5889 5889 1
4438 4438 1
5041 5041 1
4305 4305 1
5235 5235 1
3135 3135 1
2803 2805 0
5010 5010 1
 
4121 4128 0
4737 4737 1
4008 4008 1
4212 4214 0
3423 3424 0
5259 5259 1
4275 4275 1
3398 3398 1
4146 4146 1
5666 5666 1
3451 3451 1
5440 5442 0
4817 4817 1
3726 3726 1
6030 6030 1
5637 5637 1
3064 3064 1
4112 4112 1
4611 4611 1
3493 3493 1
4006 4006 1
4686 4686 1
4173 4173 1
3015 3015 1
6130 6130 1
 
5544 5544 1
3341 3341 1
4007 4011 0
3689 3689 1
3058 3058 1
3886 3886 1
5127 5129 0
3937 3937 1
7791 7791 1
6088 6088 1
4905 4905 1
3361 3371 0
5102 5102 1
4084 4088 0
5262 5262 1
4920 4920 1
4176 4176 1
4508 4508 1
4346 4346 1
3497 3497 1
4133 4133 1
3815 3820 0
5092 5092 1
2317 2318 0
4801 4801 1
 
5284 5284 1
6746 6746 1
5089 5089 1
3721 3723 0
4708 4709 0
6865 6876 0
4917 4922 0
3112 3117 0
4478 4489 0
3282 3288 0
4761 4762 0
6211 6211 1
5741 5741 1
7302 7302 1
3077 3082 0
4467 4469 0
5279 5297 0
4380 4382 0
4721 4721 1
6499 6503 0
3814 3814 1
5377 5378 0
4381 4381 1
6427 6427 1
5761 5762 0
 
6131 6131 1
3554 3560 0
3711 3724 0
4313 4313 1
5377 5377 1
5002 5002 1
4619 4619 1
3899 3908 0
3734 3737 0
4067 4067 1
3633 3633 1
4943 4947 0
3350 3350 1
3663 3671 0
5143 5144 0
4859 4859 1
5194 5194 1
4238 4241 0
4917 4917 1
2182 2182 1
3471 3471 1
4956 4966 0
3476 3497 0
4890 4891 0
4235 4235 1
 
2943 2959 0
6002 6002 1
6184 6185 0
5744 5791 0
2461 2469 0
4804 4807 0
5858 5890 0
4554 4621 0
3538 3547 0
4073 4089 0
5526 5567 0
4777 4787 0
5180 5180 1
3922 3925 0
4665 4665 1
3246 3268 0
4385 4386 0
4732 4732 1
5522 5531 0
6672 6674 0
3045 3062 0
6063 6063 1
4592 4609 0
3423 3438 0
3831 3832 0
 
7595 7699 0
4602 4629 0
5370 5371 0
6331 6331 1
5960 5962 0
4920 4952 0
4297 4303 0
6033 6068 0
4357 4364 0
6525 6628 0
3669 3690 0
2749 2764 0
5558 5573 0
5868 5870 0
4482 4482 1
6316 6316 1
4857 4857 1
4092 4103 0
3625 3631 0
5114 5114 1
5561 5564 0
4920 4942 0
5490 5490 1
5247 5289 0
4710 4712 0
 
5009 5048 0
4259 4334 0
8277 8277 1
6378 6380 0
5321 5367 0
3881 3974 0
6274 6274 1
5868 5872 0
4592 4768 0
4468 4472 0
3326 3349 0
4961 5027 0
3696 3722 0
7358 7360 0
5594 5675 0
4041 4103 0
5730 5736 0
5776 5792 0
5539 5543 0
5442 5469 0
3582 3612 0
5043 5056 0
5138 5155 0
5358 5362 0
6768 6778 0
 
6288 6365 0
6676 6680 0
3732 3815 0
4115 4201 0
4828 4833 0
5866 5936 0
4662 4723 0
5479 5481 0
4204 4218 0
3805 3828 0
5670 5689 0
5945 5975 0
6342 6423 0
4883 4885 0
5520 5557 0
4279 4405 0
5646 5646 1
3117 3216 0
7979 8013 0
6991 7006 0
7381 7412 0
7374 7424 0
7937 7937 1
5719 5794 0
4422 4436 0
 
4653 5128 0
6428 6547 0
8426 8491 0
6433 6442 0
4010 4015 0
4243 4338 0
6082 6210 0
4980 5146 0
5289 5330 0
8495 8505 0
4856 5023 0
5316 5336 0
3876 3877 0
6746 6746 1
5831 5975 0
4890 4952 0
4879 4924 0
5272 5304 0
6132 6280 0
4782 5045 0
6280 6409 0
4846 4882 0
5107 5127 0
3813 3907 0
5281 5378 0
 
1838 4074 0
2337 6263 0
2153 8741 0
650 3454 0
1929 6403 0
1753 5386 0
1897 6943 0
2376 6356 0
2035 5011 0
1688 4667 0
1827 5231 0
1927 7026 0
1884 5723 0
2449 6244 0
1340 4048 0
2278 5913 0
2338 5764 0
2167 5942 0
2153 6030 0
2144 5438 0
1483 4284 0
1714 3890 0
2331 6727 0
1884 5441 0
2267 6304 0
 
770 6735 0
638 4072 0
570 5961 0
849 4887 0
586 4926 0
771 8406 0
433 4226 0
813 6538 0
370 5210 0
611 5005 0
805 6427 0
562 4628 0
875 6653 0
534 5627 0
595 5581 0
1072 8173 0
516 4465 0
690 6286 0
775 5293 0
561 4994 0
473 4636 0
778 5758 0
707 6706 0
580 4654 0
632 5409 0
 
===
