634 715 0
1476 1550 0
719 776 0
1698 1698 1
2569 2569 1
484 484 1
1159 1353 0
706 757 0
599 599 1
776 897 0
232 356 0
112 196 0
1287 1287 1
357 495 0
131 225 0
190 240 0
299 358 0
568 568 1
180 232 0
399 522 0
1015 1015 1
245 298 0
824 921 0
1116 1291 0
562 663 0
 
1546 1645 0
1117 1164 0
7 316 0
1883 1947 0
1380 1651 0
745 1169 0
651 780 0
366 544 0
923 1083 0
1796 1796 1
116 428 0
1555 1631 0
820 872 0
1180 1227 0
1286 1359 0
408 529 0
897 998 0
1540 1647 0
1326 1377 0
407 510 0
701 808 0
1293 1346 0
440 797 0
707 816 0
1073 1289 0
 
1519 1682 0
1214 1320 0
2097 2302 0
2089 2211 0
1008 1134 0
1331 1433 0
1892 2102 0
2860 2934 0
2007 2283 0
942 1046 0
1000 1183 0
1363 1474 0
10 291 0
1204 1691 0
1540 1765 0
2107 2205 0
1270 1478 0
1775 1877 0
1323 1643 0
4374 4528 0
2731 2731 1
2140 2485 0
1603 1931 0
1238 1685 0
419 652 0
 
2409 2577 0
3428 3709 0
2429 2693 0
1209 1409 0
4169 4367 0
1729 1967 0
1669 1996 0
1258 1628 0
2853 3381 0
3649 4038 0
1746 2143 0
1195 1292 0
4898 5003 0
1392 1559 0
2129 2285 0
2209 3032 0
1949 2145 0
3042 3628 0
1772 2014 0
1955 2093 0
1336 1790 0
3002 3338 0
2436 2598 0
2184 2351 0
3264 3648 0
 
1408 1688 0
1883 2100 0
2189 3134 0
1667 1896 0
2103 2302 0
1027 1361 0
2203 2576 0
2048 2377 0
1029 1638 0
1461 1633 0
1365 1592 0
2559 2807 0
2763 3116 0
1518 1716 0
1095 1360 0
509 722 0
1492 3202 0
2700 3071 0
2677 3076 0
2923 3182 0
1541 2111 0
2302 2637 0
3908 4148 0
194 869 0
803 1101 0
 
===
