106 206 0
147 264 0
222 285 0
158 214 0
232 332 0
222 290 0
212 382 0
121 176 0
128 185 0
237 301 0
262 346 0
193 262 0
594 707 0
124 182 0
156 233 0
209 302 0
719 764 0
671 719 0
375 471 0
255 310 0
197 243 0
163 264 0
213 281 0
531 587 0
112 165 0
 
6 349 0
8 292 0
203 579 0
329 424 0
377 486 0
332 458 0
203 439 0
137 517 0
117 472 0
7 240 0
192 294 0
6 259 0
127 229 0
1136 1429 0
6 256 0
6 285 0
117 436 0
6 246 0
509 856 0
6 256 0
7 246 0
154 251 0
12 361 0
11 284 0
7 267 0
 
134 458 0
14 635 0
128 576 0
61 790 0
8 256 0
12 556 0
216 573 0
156 457 0
170 444 0
184 470 0
235 591 0
60 684 0
1011 1317 0
178 476 0
20 692 0
247 382 0
123 464 0
782 1091 0
114 412 0
173 512 0
162 651 0
125 499 0
123 679 0
223 518 0
198 622 0
 
20 637 0
11 296 0
349 711 0
133 535 0
1339 1588 0
384 795 0
472 1129 0
176 547 0
631 1224 0
379 955 0
15 683 0
201 546 0
14 601 0
13 614 0
19 637 0
465 907 0
448 732 0
139 511 0
16 559 0
16 352 0
12 304 0
120 432 0
192 761 0
554 840 0
489 934 0
 
486 1492 0
168 1050 0
147 762 0
223 553 0
13 461 0
118 780 0
295 734 0
257 780 0
421 948 0
114 376 0
925 1301 0
375 949 0
178 967 0
157 970 0
1019 1464 0
307 802 0
234 1030 0
121 671 0
13 518 0
187 473 0
12 467 0
205 1054 0
21 505 0
842 1203 0
151 669 0
 
===
