4566 4566 1
5662 5662 1
4186 4186 1
7414 7414 1
4942 4942 1
4346 4346 1
6021 6021 1
6010 6010 1
4797 4797 1
4247 4247 1
3748 3748 1
4349 4349 1
6639 6639 1
5751 5751 1
5330 5330 1
5508 5508 1
5041 5041 1
5217 5217 1
6371 6371 1
5257 5257 1
4020 4020 1
6158 6158 1
5040 5040 1
4667 4667 1
5142 5142 1
 
12931 12931 1
11318 11318 1
9202 9202 1
13056 13056 1
9208 9208 1
13253 13253 1
9780 9780 1
10556 10556 1
11529 11529 1
9370 9370 1
12317 12317 1
12716 12716 1
9140 9140 1
12487 12487 1
9015 9015 1
12747 12747 1
9659 9659 1
10711 10711 1
11018 11018 1
9984 9984 1
9693 9693 1
11904 11904 1
10475 10475 1
12841 12841 1
9056 9056 1
 
15480 15480 1
19355 19355 1
16963 16963 1
14885 14885 1
16005 16005 1
15514 15514 1
13942 13942 1
16593 16593 1
16362 16362 1
14988 14988 1
18078 18078 1
17277 17277 1
30493 30493 1
16103 16103 1
13244 13244 1
14584 14584 1
16105 16105 1
16348 16348 1
15859 15859 1
13282 13282 1
20247 20247 1
14272 14272 1
19183 19183 1
14869 14869 1
12713 12713 1
 
24427 24427 1
22288 22294 0
23290 23291 0
21098 21098 1
21548 21548 1
19160 19160 1
21301 21301 1
19173 19173 1
22748 22753 0
21965 21965 1
17914 17914 1
25843 25848 0
23037 23037 1
21522 21522 1
19311 19311 1
21317 21317 1
21020 21021 0
21884 21884 1
21679 21679 1
21271 21271 1
36540 36540 1
30143 30143 1
18331 18331 1
21568 21568 1
22205 22205 1
 
2558 21050 0
2432 21069 0
2413 19506 0
2563 20980 0
2538 22998 0
2118 17886 0
2305 19128 0
2546 22232 0
2590 21215 0
2163 19501 0
2232 20322 0
2190 18063 0
2597 21558 0
2510 22137 0
2389 19552 0
2538 20764 0
2078 19382 0
2569 22189 0
2129 17350 0
2312 20783 0
2284 20215 0
2350 21344 0
2299 21508 0
2285 18350 0
5302 40110 0
 
===
