107 107 1
71 71 1
48 48 1
263 263 1
140 140 1
71 71 1
172 172 1
48 48 1
100 100 1
43 43 1
157 157 1
109 109 1
48 48 1
188 188 1
195 195 1
178 178 1
103 103 1
156 156 1
43 43 1
128 128 1
212 212 1
113 113 1
134 134 1
75 75 1
48 48 1
 
244 244 1
46 46 1
91 91 1
239 239 1
67 67 1
44 44 1
103 103 1
245 245 1
271 271 1
146 146 1
50 50 1
114 114 1
263 263 1
50 50 1
80 80 1
161 161 1
344 344 1
190 190 1
118 118 1
138 138 1
51 51 1
46 46 1
75 75 1
77 77 1
287 287 1
 
70 70 1
92 92 1
87 87 1
200 200 1
146 146 1
490 490 1
103 103 1
107 107 1
233 233 1
143 143 1
184 184 1
261 261 1
297 297 1
110 110 1
222 222 1
136 136 1
208 208 1
199 199 1
353 353 1
192 192 1
260 260 1
155 155 1
258 258 1
64 64 1
343 343 1
 
179 179 1
72 72 1
292 292 1
112 112 1
275 275 1
291 291 1
188 188 1
95 95 1
303 303 1
194 194 1
286 286 1
442 442 1
55 55 1
165 165 1
292 292 1
184 184 1
275 275 1
108 108 1
129 129 1
174 174 1
428 428 1
266 266 1
370 370 1
179 179 1
267 267 1
 
50 50 1
85 85 1
58 58 1
91 91 1
84 84 1
54 54 1
61 61 1
57 57 1
106 106 1
48 48 1
99 99 1
62 62 1
70 70 1
90 90 1
111 111 1
46 46 1
52 52 1
45 45 1
57 57 1
62 62 1
37 37 1
83 83 1
50 50 1
65 65 1
115 115 1
 
238 238 1
389 389 1
237 237 1
517 517 1
427 427 1
226 226 1
391 391 1
533 533 1
191 191 1
159 159 1
806 806 1
462 462 1
356 356 1
191 191 1
377 377 1
198 198 1
103 103 1
301 301 1
542 542 1
396 396 1
317 317 1
145 145 1
594 594 1
366 366 1
486 486 1
 
166 166 1
499 499 1
248 248 1
250 250 1
214 214 1
487 487 1
371 371 1
377 377 1
229 229 1
301 301 1
242 242 1
559 559 1
492 492 1
343 343 1
522 522 1
315 315 1
449 449 1
585 585 1
490 490 1
231 231 1
349 349 1
445 445 1
322 322 1
239 239 1
800 800 1
 
533 533 1
395 395 1
188 188 1
348 348 1
498 498 1
247 247 1
174 174 1
321 321 1
514 514 1
644 644 1
377 377 1
298 298 1
233 233 1
326 326 1
235 235 1
561 561 1
506 506 1
597 597 1
216 216 1
238 238 1
106 106 1
254 254 1
284 284 1
380 380 1
544 544 1
 
599 599 1
219 219 1
286 286 1
422 422 1
463 463 1
449 449 1
333 333 1
597 597 1
379 379 1
409 409 1
264 264 1
550 550 1
837 837 1
314 314 1
669 669 1
583 583 1
486 486 1
349 349 1
336 336 1
555 555 1
832 832 1
258 258 1
261 261 1
452 452 1
742 742 1
 
162 162 1
147 147 1
154 154 1
80 80 1
139 139 1
127 127 1
72 72 1
130 130 1
131 131 1
141 141 1
130 130 1
100 100 1
112 112 1
164 164 1
125 125 1
125 125 1
163 163 1
113 113 1
95 95 1
110 110 1
123 123 1
126 126 1
140 140 1
114 114 1
128 128 1
 
714 714 1
405 405 1
569 569 1
422 422 1
312 312 1
514 514 1
594 594 1
306 306 1
691 691 1
512 512 1
407 407 1
667 667 1
398 398 1
438 438 1
310 310 1
315 315 1
627 627 1
676 676 1
638 638 1
550 550 1
397 397 1
517 517 1
430 430 1
326 326 1
444 444 1
 
457 457 1
722 722 1
686 686 1
572 572 1
435 435 1
564 564 1
635 635 1
559 559 1
827 827 1
922 922 1
639 639 1
371 371 1
611 611 1
423 423 1
460 460 1
588 588 1
268 268 1
424 424 1
326 326 1
408 408 1
399 399 1
385 385 1
424 424 1
642 642 1
480 480 1
 
630 630 1
956 956 1
655 655 1
457 457 1
578 578 1
750 750 1
449 449 1
521 521 1
592 592 1
390 390 1
510 510 1
481 481 1
901 901 1
313 313 1
413 413 1
634 634 1
602 602 1
974 974 1
676 676 1
386 386 1
613 613 1
685 685 1
699 699 1
279 279 1
483 483 1
 
972 972 1
899 899 1
584 584 1
448 448 1
913 913 1
651 651 1
693 693 1
490 490 1
873 873 1
900 900 1
582 582 1
338 338 1
605 605 1
606 606 1
598 598 1
473 473 1
1038 1038 1
490 490 1
351 351 1
409 409 1
496 496 1
622 622 1
581 581 1
632 632 1
316 316 1
 
155 155 1
122 122 1
102 102 1
186 186 1
187 187 1
234 234 1
194 194 1
98 98 1
166 166 1
194 194 1
196 196 1
198 198 1
252 252 1
112 112 1
174 174 1
156 156 1
204 204 1
116 116 1
176 176 1
182 182 1
149 149 1
130 130 1
176 176 1
99 99 1
248 248 1
 
625 625 1
1093 1093 1
736 736 1
710 710 1
617 617 1
395 395 1
654 654 1
745 745 1
745 745 1
810 810 1
420 420 1
826 826 1
1102 1102 1
880 880 1
505 505 1
668 668 1
553 553 1
687 687 1
779 779 1
781 781 1
680 680 1
653 653 1
620 620 1
512 512 1
803 803 1
 
506 506 1
729 729 1
620 620 1
809 809 1
826 826 1
950 950 1
766 766 1
682 682 1
1192 1192 1
630 630 1
933 933 1
686 686 1
764 764 1
824 824 1
1062 1062 1
753 753 1
773 773 1
1079 1079 1
577 577 1
1443 1443 1
946 946 1
906 906 1
879 879 1
606 606 1
454 454 1
 
1064 1064 1
963 963 1
804 804 1
825 825 1
563 563 1
861 861 1
768 768 1
744 744 1
660 660 1
1116 1116 1
560 560 1
675 675 1
793 793 1
632 632 1
643 643 1
1060 1060 1
658 658 1
739 739 1
781 781 1
743 743 1
760 760 1
988 988 1
939 939 1
967 967 1
951 951 1
 
750 750 1
1008 1008 1
599 599 1
570 570 1
893 893 1
688 688 1
953 953 1
655 655 1
1309 1309 1
748 748 1
1168 1168 1
883 883 1
716 716 1
1350 1350 1
1034 1034 1
925 925 1
413 413 1
703 703 1
625 625 1
865 865 1
833 833 1
853 853 1
708 708 1
734 734 1
839 839 1
 
178 178 1
229 229 1
339 339 1
205 205 1
308 308 1
246 246 1
228 228 1
208 208 1
213 213 1
143 143 1
222 222 1
208 208 1
252 252 1
187 187 1
125 125 1
208 208 1
258 258 1
130 130 1
201 201 1
169 169 1
135 135 1
214 214 1
253 253 1
227 227 1
233 233 1
 
184 184 1
294 294 1
183 183 1
227 227 1
205 205 1
225 225 1
261 261 1
233 233 1
276 276 1
235 235 1
217 217 1
264 264 1
174 174 1
225 225 1
276 276 1
199 199 1
232 232 1
225 225 1
262 262 1
288 288 1
153 153 1
265 265 1
304 304 1
228 228 1
215 215 1
 
204 204 1
193 193 1
168 168 1
243 243 1
316 316 1
204 204 1
225 225 1
285 285 1
184 184 1
163 163 1
187 187 1
288 288 1
199 199 1
233 233 1
233 233 1
258 258 1
175 175 1
265 265 1
131 131 1
279 279 1
219 219 1
177 177 1
240 240 1
197 197 1
190 190 1
 
267 267 1
220 220 1
230 230 1
313 313 1
211 211 1
292 292 1
245 245 1
302 302 1
243 243 1
197 197 1
248 248 1
261 261 1
361 361 1
312 312 1
292 292 1
254 254 1
195 195 1
255 255 1
222 222 1
230 230 1
226 226 1
268 268 1
229 229 1
211 211 1
232 232 1
 
333 333 1
360 360 1
272 272 1
346 346 1
250 250 1
246 246 1
333 333 1
280 280 1
340 340 1
200 200 1
217 217 1
355 355 1
213 213 1
414 414 1
332 332 1
397 397 1
299 299 1
364 364 1
259 259 1
387 387 1
288 288 1
226 226 1
376 376 1
219 219 1
274 274 1
 
293 293 1
299 299 1
272 272 1
314 314 1
264 264 1
302 302 1
281 281 1
325 325 1
308 308 1
286 286 1
223 223 1
241 241 1
272 272 1
157 157 1
353 353 1
231 231 1
254 254 1
278 278 1
331 331 1
200 200 1
319 319 1
204 204 1
264 264 1
319 319 1
339 339 1
 
231 231 1
279 279 1
359 359 1
297 297 1
288 288 1
191 191 1
264 264 1
329 329 1
286 286 1
271 271 1
249 249 1
349 349 1
232 232 1
322 322 1
303 303 1
265 265 1
322 322 1
302 302 1
212 212 1
327 327 1
330 330 1
271 271 1
230 230 1
267 267 1
323 323 1
 
294 294 1
274 274 1
507 507 1
311 311 1
308 308 1
355 355 1
298 298 1
339 339 1
379 379 1
196 196 1
331 331 1
320 320 1
302 302 1
247 247 1
319 319 1
380 380 1
340 340 1
203 203 1
213 213 1
259 259 1
298 298 1
273 273 1
327 327 1
278 278 1
245 245 1
 
233 233 1
340 340 1
352 352 1
246 246 1
246 246 1
311 311 1
374 374 1
257 257 1
353 353 1
238 238 1
282 282 1
263 263 1
338 338 1
276 276 1
315 315 1
340 340 1
438 438 1
367 367 1
394 394 1
283 283 1
256 256 1
350 350 1
342 342 1
344 344 1
369 369 1
 
308 308 1
303 303 1
402 402 1
347 347 1
351 351 1
235 235 1
271 271 1
314 314 1
335 335 1
255 255 1
344 344 1
216 216 1
210 210 1
222 222 1
303 303 1
257 257 1
338 338 1
245 245 1
243 243 1
370 370 1
307 307 1
255 255 1
353 353 1
234 234 1
328 328 1
 
220 220 1
257 257 1
368 368 1
317 317 1
335 335 1
308 308 1
308 308 1
352 352 1
403 403 1
545 545 1
366 366 1
371 371 1
255 255 1
411 411 1
303 303 1
304 304 1
429 429 1
342 342 1
472 472 1
408 408 1
293 293 1
361 361 1
348 348 1
299 299 1
283 283 1
 
413 413 1
218 218 1
475 475 1
353 353 1
435 435 1
379 379 1
298 298 1
270 270 1
303 303 1
316 316 1
259 259 1
334 334 1
380 380 1
289 289 1
232 232 1
333 333 1
337 337 1
303 303 1
360 360 1
338 338 1
292 292 1
271 271 1
393 393 1
292 292 1
416 416 1
 
274 274 1
372 373 0
415 415 1
334 334 1
339 339 1
338 338 1
306 306 1
275 275 1
411 411 1
394 394 1
299 299 1
270 271 0
260 260 1
296 296 1
355 355 1
406 406 1
336 336 1
292 292 1
274 274 1
325 325 1
408 408 1
353 353 1
396 396 1
283 283 1
435 435 1
 
385 385 1
319 319 1
387 387 1
380 380 1
372 372 1
351 354 0
298 298 1
357 357 1
317 317 1
384 384 1
390 390 1
325 325 1
365 365 1
372 372 1
326 326 1
312 312 1
424 424 1
295 295 1
319 319 1
440 440 1
312 312 1
341 341 1
334 334 1
413 413 1
310 310 1
 
297 299 0
431 432 0
414 415 0
344 344 1
395 395 1
260 265 0
435 435 1
410 410 1
277 280 0
375 375 1
305 305 1
292 292 1
469 469 1
290 290 1
375 375 1
350 351 0
413 413 1
402 402 1
261 261 1
358 359 0
411 411 1
338 338 1
366 366 1
433 433 1
397 397 1
 
394 394 1
409 409 1
444 444 1
426 427 0
369 369 1
327 327 1
344 344 1
337 337 1
431 431 1
348 348 1
352 353 0
415 416 0
449 450 0
344 344 1
393 393 1
253 258 0
296 299 0
289 289 1
367 367 1
296 296 1
414 414 1
448 448 1
348 348 1
313 313 1
270 271 0
 
318 320 0
349 350 0
316 317 0
336 336 1
487 487 1
303 303 1
295 301 0
422 422 1
337 338 0
466 466 1
349 349 1
289 290 0
404 404 1
481 484 0
432 432 1
346 347 0
380 380 1
359 359 1
396 396 1
428 428 1
416 416 1
334 336 0
425 425 1
352 352 1
319 319 1
 
520 520 1
297 300 0
334 334 1
379 379 1
480 480 1
488 488 1
500 500 1
327 327 1
407 407 1
428 428 1
456 456 1
330 331 0
416 416 1
512 512 1
400 401 0
429 435 0
440 440 1
432 433 0
358 358 1
369 373 0
400 400 1
324 325 0
479 479 1
321 325 0
394 395 0
 
334 334 1
358 360 0
453 453 1
418 418 1
444 447 0
372 374 0
499 499 1
413 413 1
363 369 0
344 350 0
370 377 0
420 426 0
442 442 1
397 399 0
412 412 1
321 326 0
424 424 1
408 409 0
412 418 0
420 421 0
486 487 0
311 315 0
483 486 0
502 502 1
403 407 0
 
431 431 1
319 330 0
381 396 0
372 387 0
360 363 0
367 372 0
401 402 0
442 449 0
432 434 0
365 369 0
257 272 0
452 452 1
313 316 0
306 325 0
481 481 1
402 402 1
536 536 1
465 469 0
355 358 0
392 392 1
392 402 0
375 377 0
465 468 0
408 408 1
614 622 0
 
612 612 1
325 329 0
407 411 0
325 344 0
495 498 0
490 498 0
404 424 0
446 456 0
489 498 0
383 410 0
384 391 0
458 460 0
344 352 0
464 474 0
466 479 0
396 415 0
308 320 0
397 411 0
471 481 0
445 445 1
399 414 0
376 378 0
405 407 0
374 379 0
406 414 0
 
410 434 0
351 379 0
436 470 0
495 509 0
408 424 0
386 402 0
389 406 0
397 421 0
466 489 0
454 469 0
323 346 0
274 325 0
504 514 0
298 350 0
350 393 0
319 376 0
383 412 0
412 427 0
379 403 0
459 463 0
364 398 0
467 488 0
480 499 0
423 445 0
417 456 0
 
395 479 0
500 572 0
358 457 0
347 414 0
443 534 0
442 511 0
359 436 0
383 451 0
377 442 0
546 608 0
277 392 0
359 439 0
340 416 0
413 470 0
385 474 0
410 484 0
437 495 0
351 460 0
232 315 0
405 464 0
410 488 0
517 595 0
322 417 0
274 364 0
352 457 0
 
===
