869 869 1
936 936 1
1115 1115 1
813 813 1
1210 1210 1
651 651 1
1837 1837 1
778 778 1
1702 1702 1
958 958 1
992 992 1
984 984 1
1808 1808 1
1578 1578 1
674 674 1
848 848 1
982 982 1
649 649 1
1055 1055 1
844 844 1
1035 1035 1
1069 1069 1
1073 1073 1
826 826 1
562 562 1
 
2679 2679 1
1625 1625 1
1975 1975 1
1778 1778 1
2502 2502 1
2912 2912 1
2570 2570 1
3084 3084 1
2261 2261 1
1650 1650 1
2235 2235 1
1773 1773 1
1190 1190 1
1361 1361 1
1085 1085 1
1390 1390 1
1592 1592 1
1788 1788 1
2415 2415 1
1885 1885 1
2274 2274 1
2055 2055 1
3726 3726 1
1705 1705 1
1628 1628 1
 
4175 4175 1
4157 4157 1
3380 3380 1
4164 4164 1
4097 4097 1
2531 2531 1
3240 3240 1
3590 3590 1
5917 5917 1
2480 2480 1
2767 2767 1
3342 3342 1
2935 2935 1
4738 4738 1
2296 2296 1
2282 2282 1
3564 3564 1
3746 3746 1
4920 4920 1
3695 3695 1
2978 2978 1
3037 3037 1
2573 2573 1
2542 2542 1
5221 5221 1
 
2841 2841 1
3402 3402 1
5160 5160 1
3555 3555 1
4265 4265 1
3052 3052 1
4935 4935 1
3728 3728 1
4256 4256 1
3489 3489 1
4679 4679 1
4592 4592 1
3828 3828 1
6201 6201 1
4103 4103 1
3513 3513 1
3584 3584 1
4721 4721 1
6144 6144 1
5712 5712 1
4036 4036 1
7824 7824 1
3870 3870 1
3616 3616 1
3655 3655 1
 
4513 4513 1
5137 5137 1
4136 4136 1
7223 7223 1
4894 4894 1
4272 4272 1
5938 5938 1
5942 5942 1
4756 4756 1
4218 4218 1
3726 3726 1
4311 4311 1
6596 6596 1
5686 5686 1
5266 5266 1
5455 5455 1
4973 4973 1
5156 5156 1
6250 6250 1
5202 5202 1
3988 3988 1
6062 6062 1
5015 5015 1
4614 4614 1
5071 5071 1
 
6098 6098 1
4545 4545 1
5381 5381 1
6838 6838 1
6320 6320 1
5380 5380 1
7826 7826 1
4466 4466 1
5672 5672 1
5917 5917 1
4366 4366 1
3859 3859 1
7915 7915 1
7574 7574 1
7579 7579 1
6156 6156 1
5145 5145 1
6481 6481 1
5421 5421 1
5205 5205 1
5380 5380 1
7088 7088 1
6725 6725 1
5476 5476 1
4472 4472 1
 
6917 6917 1
6234 6234 1
7260 7260 1
6486 6486 1
7572 7572 1
8474 8474 1
6853 6853 1
11224 11224 1
9292 9292 1
9867 9867 1
6924 6924 1
6426 6426 1
6764 6764 1
7292 7292 1
4671 4671 1
6995 6995 1
9193 9193 1
6727 6727 1
7650 7650 1
8192 8192 1
8145 8145 1
8537 8537 1
9548 9548 1
5627 5627 1
7773 7773 1
 
5936 5936 1
10961 10961 1
9020 9020 1
7404 7404 1
7263 7263 1
7113 7113 1
9031 9031 1
8969 8969 1
8982 8982 1
9923 9923 1
6325 6325 1
9945 9945 1
8231 8231 1
8770 8770 1
7225 7225 1
8076 8076 1
8441 8441 1
9616 9616 1
10600 10600 1
8947 8947 1
6881 6881 1
8150 8150 1
8600 8600 1
8964 8964 1
6487 6487 1
 
9933 9933 1
8590 8590 1
8332 8332 1
10270 10270 1
8999 8999 1
8247 8247 1
7691 7691 1
9910 9910 1
8150 8150 1
11143 11143 1
11539 11539 1
9755 9755 1
10693 10693 1
15643 15643 1
10591 10591 1
9868 9868 1
9731 9731 1
9242 9242 1
10846 10846 1
10539 10539 1
8559 8559 1
8553 8553 1
9018 9018 1
8537 8537 1
9152 9152 1
 
13134 13134 1
11236 11236 1
9497 9497 1
13172 13172 1
9353 9353 1
13563 13563 1
9780 9780 1
10794 10794 1
11525 11525 1
9356 9356 1
12307 12307 1
12677 12677 1
9121 9121 1
12378 12378 1
8987 8987 1
12782 12782 1
9654 9654 1
10743 10743 1
11009 11009 1
9979 9979 1
9656 9656 1
11880 11880 1
11947 11947 1
12907 12907 1
9030 9030 1
 
12206 12206 1
15994 15994 1
12310 12310 1
12351 12351 1
10939 10939 1
14078 14078 1
10433 10433 1
14546 14546 1
10262 10262 1
10910 10910 1
15158 15158 1
15119 15119 1
10273 10273 1
13114 13114 1
10974 10974 1
13807 13807 1
10971 10971 1
10849 10849 1
11911 11911 1
9236 9236 1
19721 19721 1
10319 10319 1
13039 13039 1
10634 10634 1
11911 11911 1
 
12748 12748 1
13457 13457 1
14558 14558 1
12891 12891 1
17149 17149 1
13766 13766 1
13837 13837 1
11945 11945 1
13051 13051 1
15106 15106 1
12108 12108 1
11726 11726 1
12384 12384 1
12485 12485 1
10783 10783 1
13355 13355 1
14742 14742 1
13317 13317 1
17416 17416 1
10319 10319 1
11136 11136 1
13352 13352 1
13405 13405 1
11216 11216 1
11723 11723 1
 
13760 13760 1
14011 14011 1
14352 14352 1
14323 14323 1
13676 13676 1
12311 12311 1
13431 13431 1
13452 13452 1
11562 11562 1
14148 14148 1
17693 17693 1
10116 10116 1
15240 15240 1
17245 17245 1
14562 14562 1
16806 16806 1
12550 12550 1
14552 14552 1
17595 17595 1
15853 15853 1
15357 15357 1
15098 15098 1
12210 12210 1
15573 15573 1
12287 12287 1
 
15591 15591 1
13676 13676 1
15738 15738 1
16367 16367 1
17639 17639 1
16114 16114 1
14456 14456 1
13029 13029 1
13187 13187 1
18863 18863 1
14386 14386 1
15160 15160 1
15598 15598 1
13749 13749 1
14157 14157 1
16787 16787 1
15838 15838 1
15673 15673 1
13685 13685 1
16073 16073 1
17303 17303 1
16356 16356 1
17671 17671 1
14414 14414 1
13589 13589 1
 
15452 15452 1
19550 19550 1
17033 17033 1
14824 14824 1
15986 15986 1
15508 15508 1
13981 13981 1
16636 16636 1
16312 16312 1
14977 14977 1
31307 31307 1
18406 18406 1
17684 17684 1
15306 15306 1
12746 12746 1
14193 14193 1
16213 16213 1
16445 16445 1
15724 15724 1
14355 14355 1
18429 18429 1
14323 14323 1
18323 18323 1
14409 14409 1
12705 12705 1
 
15540 15540 1
16853 16853 1
14890 14890 1
16037 16037 1
20322 20322 1
16404 16404 1
21547 21547 1
18832 18832 1
18230 18230 1
15086 15086 1
16703 16703 1
15421 15421 1
16408 16408 1
14938 14938 1
15298 15298 1
18399 18399 1
16892 16892 1
16047 16047 1
16310 16310 1
16661 16661 1
19202 19202 1
16793 16793 1
16362 16362 1
20359 20359 1
22101 22101 1
 
26203 26203 1
19054 19054 1
18852 18852 1
15342 15342 1
18364 18364 1
16201 16201 1
20053 20053 1
16963 16963 1
16754 16754 1
22669 22669 1
16619 16619 1
20767 20767 1
17825 17825 1
19871 19871 1
17384 17384 1
23000 23000 1
17763 17763 1
17212 17212 1
19340 19340 1
21643 21643 1
17235 17235 1
18469 18469 1
20204 20204 1
19005 19005 1
18995 18995 1
 
15836 15836 1
18478 18478 1
15936 15936 1
19941 19941 1
16397 16397 1
16942 16942 1
20919 20919 1
21011 21011 1
17670 17670 1
31905 31905 1
20184 20184 1
18198 18198 1
20567 20567 1
17922 17922 1
22882 22882 1
22008 22008 1
17889 17889 1
21738 21738 1
22172 22172 1
21713 21713 1
19767 19767 1
20978 20978 1
19896 19896 1
19212 19212 1
20139 20139 1
 
18893 18893 1
20616 20616 1
17212 17212 1
20414 20414 1
16172 16172 1
23177 23177 1
19329 19329 1
19832 19832 1
20916 20916 1
19681 19681 1
21175 21175 1
22330 22330 1
23419 23419 1
21250 21250 1
22108 22108 1
20494 20494 1
22252 22252 1
20970 20970 1
21951 21951 1
24429 24429 1
20267 20267 1
24700 24700 1
23565 23565 1
18370 18370 1
20749 20749 1
 
24389 24389 1
22284 22284 1
23202 23202 1
21048 21048 1
21490 21490 1
19121 19121 1
21205 21205 1
19680 19680 1
22726 22726 1
21861 21861 1
17876 17876 1
25815 25815 1
23032 23032 1
21475 21475 1
19239 19239 1
21252 21252 1
21010 21010 1
21962 21962 1
22958 22958 1
21519 21519 1
18328 18328 1
42606 42606 1
18177 18177 1
21263 21263 1
21778 21778 1
 
23706 23706 1
23571 23571 1
21655 21655 1
22804 22804 1
28716 28716 1
20187 20187 1
20763 20763 1
25997 25997 1
23873 23873 1
22351 22351 1
21312 21312 1
20239 20239 1
23740 23740 1
25161 25161 1
21005 21005 1
21656 21656 1
21311 21311 1
26540 26540 1
17996 17996 1
22444 22444 1
22415 22415 1
23748 23748 1
21966 21966 1
21357 21357 1
24486 24486 1
 
21899 21899 1
23530 23530 1
24110 24110 1
22785 22785 1
29565 29565 1
27509 27509 1
27249 27249 1
27322 27322 1
22991 22991 1
29058 29058 1
20199 20199 1
24334 24334 1
23075 23075 1
25816 25816 1
22501 22501 1
20936 20936 1
20053 20053 1
21526 21526 1
21523 21523 1
27448 27448 1
24720 24720 1
19826 19826 1
21470 21470 1
25594 25594 1
25429 25429 1
 
21919 21919 1
21327 21327 1
46070 46070 1
28353 28353 1
24511 24511 1
26692 26692 1
24228 24228 1
25154 25154 1
25025 25025 1
23492 23492 1
28417 28417 1
24015 24015 1
22468 22468 1
24859 24859 1
27350 27350 1
25089 25089 1
24619 24619 1
22914 22914 1
25740 25740 1
21784 21784 1
22650 22650 1
27516 27516 1
23823 23823 1
20807 20807 1
24025 24025 1
 
27861 27861 1
26705 26705 1
27580 27580 1
47725 47725 1
29993 29993 1
34521 34521 1
24661 24661 1
27588 27588 1
24826 24826 1
25681 25681 1
25811 25811 1
24849 24849 1
26950 26950 1
24996 24996 1
22637 22637 1
29670 29670 1
27899 27899 1
19212 19212 1
27065 27065 1
32237 32237 1
22182 22182 1
25980 25980 1
22778 22778 1
24794 24794 1
23157 23157 1
 
23279 23279 1
31285 31285 1
22908 22908 1
33214 33214 1
33375 33375 1
32099 32099 1
29097 29097 1
24501 24501 1
24935 24935 1
27866 27866 1
26153 26153 1
23752 23752 1
21708 21708 1
21645 21645 1
26548 26548 1
28296 28296 1
27574 27574 1
30720 30720 1
22466 22466 1
27427 27427 1
23962 23962 1
24278 24278 1
23833 23833 1
28905 28905 1
23303 23303 1
 
26616 26616 1
22490 22490 1
25255 25255 1
67073 67073 1
26910 26910 1
31567 31567 1
28983 28983 1
24838 24838 1
36394 36394 1
34322 34322 1
29099 29099 1
23497 23497 1
29464 29464 1
26658 26658 1
29315 29315 1
26434 26434 1
28122 28122 1
31650 31650 1
25677 25677 1
27381 27381 1
24804 24804 1
26421 26421 1
27749 27749 1
29385 29385 1
28180 28180 1
 
32120 32120 1
56470 56470 1
31195 31195 1
29555 29555 1
29029 29029 1
32490 32490 1
38276 38276 1
33983 33983 1
24847 24847 1
31013 31013 1
30152 30152 1
30891 30891 1
28419 28419 1
29938 29938 1
34718 34718 1
33193 33193 1
32696 32696 1
23641 23641 1
29092 29092 1
29685 29685 1
27900 27900 1
31557 31557 1
24839 24839 1
32452 32452 1
48172 48172 1
 
31849 31849 1
32187 32187 1
33203 33203 1
34410 34410 1
30747 30747 1
31105 31105 1
27783 27783 1
30341 30341 1
30302 30302 1
33993 33993 1
31737 31737 1
27635 27635 1
32423 32423 1
26719 26719 1
28082 28082 1
27968 27968 1
28269 28269 1
26412 26412 1
31923 31923 1
28600 28600 1
27127 27127 1
52875 52875 1
38251 38251 1
29437 29437 1
36427 36427 1
 
35760 35760 1
28835 28835 1
31301 31301 1
29190 29190 1
38486 38486 1
29199 29199 1
26480 26480 1
31810 31810 1
24798 24798 1
27854 27854 1
30605 30605 1
29546 29546 1
30591 30591 1
29840 29840 1
36816 36816 1
30109 30109 1
28068 28068 1
68858 68858 1
33314 33314 1
32611 32611 1
36912 36912 1
29098 29098 1
34254 34254 1
30075 30075 1
29334 29334 1
 
31370 31370 1
32412 32412 1
33391 33391 1
31576 31576 1
30964 30964 1
27779 27779 1
33078 33078 1
28918 28918 1
31628 31628 1
31672 31672 1
30943 30943 1
30438 30438 1
35853 35853 1
56644 56644 1
30286 30286 1
37334 37334 1
29641 29641 1
28332 28332 1
37123 37123 1
31982 31982 1
27555 27555 1
33867 33867 1
30111 30111 1
34794 34794 1
32123 32123 1
 
31305 31305 1
30301 30301 1
32743 32743 1
28298 28298 1
35227 35227 1
32795 32795 1
32304 32304 1
36199 36199 1
50747 50747 1
37493 37493 1
42178 42178 1
35347 35347 1
35003 35003 1
36285 36285 1
35311 35311 1
34761 34761 1
33257 33257 1
36156 36156 1
32626 32626 1
29668 29668 1
36183 36183 1
26996 26996 1
30321 30321 1
38922 38922 1
32397 32397 1
 
32790 32790 1
29111 29111 1
32083 32083 1
40680 40680 1
38199 38199 1
36400 36400 1
36887 36887 1
42119 42119 1
38266 38266 1
41158 41158 1
33873 33873 1
34361 34361 1
36284 36284 1
37925 37925 1
37291 37291 1
33161 33161 1
37979 37979 1
37323 37323 1
35739 35739 1
32135 32135 1
34067 34067 1
60488 60488 1
41147 41147 1
35834 35834 1
34602 34602 1
 
36943 36943 1
43676 43676 1
37342 37342 1
30123 30123 1
37198 37198 1
44533 44533 1
33776 33776 1
31357 31357 1
32248 32248 1
34364 34364 1
32858 32858 1
32948 32948 1
36094 36094 1
34054 34054 1
34333 34333 1
94087 94087 1
41079 41079 1
37508 37508 1
47011 47011 1
38001 38001 1
34569 34569 1
39783 39783 1
32082 32082 1
29429 29429 1
40430 40430 1
 
33519 33519 1
37470 37470 1
33468 33468 1
37384 37384 1
37381 37381 1
34949 34949 1
38164 38164 1
35770 35770 1
34613 34613 1
55864 55864 1
33182 33182 1
40274 40274 1
41886 41886 1
34720 34720 1
33687 33687 1
34948 34948 1
37390 37390 1
34382 34382 1
32333 32333 1
30247 30247 1
34049 34049 1
31228 31228 1
35100 35100 1
38152 38152 1
37850 37850 1
 
37165 37165 1
38642 38642 1
49110 49110 1
39241 39241 1
49418 49418 1
42873 42873 1
44297 44297 1
38248 38248 1
34050 34050 1
34655 34655 1
33732 33732 1
36222 36222 1
44411 44411 1
31847 31847 1
33199 33199 1
36803 36803 1
36586 36586 1
33655 33655 1
36677 36677 1
56100 56100 1
50647 50647 1
50568 50568 1
38953 38953 1
43032 43032 1
40435 40435 1
 
36697 36697 1
40067 40067 1
34784 34784 1
36519 36519 1
37242 37242 1
38840 38840 1
39219 39219 1
35310 35310 1
35743 35743 1
37723 37723 1
37873 37873 1
39266 39266 1
46078 46078 1
42292 42292 1
40919 40919 1
38261 38261 1
39375 39375 1
37675 37675 1
36307 36307 1
40224 40224 1
36967 36967 1
41011 41011 1
39885 39885 1
41404 41404 1
38830 38830 1
 
38713 38713 1
43542 43543 0
39074 39074 1
36530 38528 0
48204 48204 1
39216 39216 1
48126 48126 1
52131 52131 1
44821 44821 1
40355 40355 1
38707 38707 1
39749 39749 1
37037 37037 1
42174 42174 1
40154 40154 1
37150 37150 1
36390 36390 1
38079 38079 1
46068 46068 1
37371 37371 1
105882 105882 1
44580 44580 1
42053 42053 1
38803 38803 1
39404 39404 1
 
44251 44251 1
36330 36330 1
48961 48961 1
44967 44967 1
40573 40573 1
34995 34995 1
43181 43181 1
42883 42883 1
44317 44317 1
42215 42215 1
42355 42355 1
111705 111705 1
41984 41984 1
45014 45014 1
49351 49351 1
47311 47311 1
55298 55298 1
38142 38142 1
42129 42129 1
38271 38271 1
38395 38395 1
39629 39629 1
39188 39188 1
45622 45622 1
41022 41022 1
 
42078 42078 1
37841 37841 1
43183 43183 1
53400 53400 1
49975 49975 1
50620 50620 1
42910 42910 1
39178 39178 1
40942 40942 1
37861 37861 1
44593 44593 1
39658 39658 1
41959 41959 1
40749 40749 1
36581 36581 1
46252 46252 1
42670 42670 1
38850 38850 1
95268 95268 1
57307 57307 1
45931 45931 1
41865 41865 1
45693 45693 1
37159 37159 1
39696 39696 1
 
42319 42319 1
44414 44414 1
13377 13377 1
42289 42289 1
36430 36430 1
41070 41070 1
43952 43952 1
42766 42766 1
38238 38238 1
72863 72863 1
46659 46659 1
49268 49268 1
42494 42494 1
49960 49960 1
15888 15888 1
38345 38345 1
38679 38679 1
41084 41084 1
39642 39642 1
39824 39824 1
40011 40011 1
42151 42151 1
14534 14534 1
42038 42038 1
45336 45336 1
 
18048 21714 0
13961 19675 0
14769 19485 0
13308 17048 0
11414 15471 0
11211 15428 0
11373 16251 0
11197 15344 0
11045 15528 0
11046 15867 0
11779 15323 0
10478 15570 0
11705 15384 0
11584 16984 0
11543 15434 0
14511 20379 0
11403 17495 0
11128 17267 0
13001 19003 0
11952 16241 0
11957 15487 0
12085 15308 0
12054 15364 0
11759 15374 0
12241 15512 0
 
4985 16208 0
4755 16204 0
5119 16133 0
4727 16207 0
4982 16205 0
6011 18204 0
6029 17855 0
6323 18066 0
6030 17575 0
6172 17520 0
5421 16375 0
4797 16219 0
5094 16262 0
5333 16343 0
5347 16352 0
4917 16191 0
4869 16189 0
5683 16219 0
5094 16104 0
13092 38360 0
5956 17968 0
6664 20462 0
5053 17695 0
5571 18088 0
4983 16446 0
 
===
