4564 4565 0
5191 5191 1
4194 4194 1
7343 7343 1
4979 4979 1
4759 4759 1
6047 6047 1
6028 6028 1
4809 4809 1
4292 4292 1
3758 3758 1
4358 4358 1
6681 6681 1
5749 5749 1
5331 5331 1
5502 5502 1
5014 5014 1
5209 5209 1
6308 6308 1
5260 5260 1
4024 4024 1
6178 6178 1
5052 5052 1
4658 4658 1
5136 5136 1
 
13009 13011 0
11093 11093 1
9205 9206 0
12844 12844 1
9205 9205 1
13256 13256 1
9769 9769 1
10665 10665 1
11532 11532 1
9395 9395 1
12410 12410 1
12692 12693 0
9150 9150 1
12993 12993 1
9022 9022 1
12725 12725 1
9653 9654 0
10708 10709 0
11017 11017 1
9986 9986 1
9682 9682 1
11909 11909 1
10827 10827 1
12854 12854 1
9063 9063 1
 
15463 15472 0
19334 19337 0
16990 17006 0
14851 14851 1
16002 16009 0
15855 15859 0
13955 13955 1
16552 16560 0
16299 16318 0
14980 14981 0
18056 18062 0
28662 28676 0
17987 17991 0
15250 15254 0
12936 12936 1
14748 14748 1
16728 16738 0
16311 16319 0
15946 15955 0
13492 13494 0
18519 18555 0
14266 14268 0
19057 19060 0
14613 14625 0
12727 12728 0
 
18411 24337 0
15886 22331 0
16865 25414 0
13770 21116 0
17175 21508 0
13230 19176 0
19241 21306 0
12926 19173 0
13123 22744 0
14246 21897 0
15888 17892 0
16523 25814 0
14618 23036 0
17863 21497 0
16748 19286 0
17816 21308 0
15999 21021 0
14439 21881 0
17877 21657 0
18417 21233 0
19787 20636 0
22316 27516 0
15797 18193 0
18540 21111 0
19416 21909 0
 
1713 21570 0
1515 21423 0
2057 19908 0
2071 20357 0
1715 23065 0
1282 18128 0
1417 19228 0
1861 22852 0
1987 21144 0
1783 19904 0
1608 20681 0
1474 18525 0
1941 21993 0
1658 22304 0
1480 19596 0
1898 21073 0
1392 19885 0
1515 22003 0
1774 17558 0
1610 21144 0
1936 20727 0
963 21533 0
1858 21567 0
2168 27727 0
1220 23525 0
 
===
