107 107 1
71 71 1
48 48 1
263 263 1
140 140 1
71 71 1
172 172 1
48 48 1
100 100 1
43 43 1
157 157 1
109 109 1
48 48 1
188 188 1
195 195 1
178 178 1
103 103 1
156 156 1
43 43 1
128 128 1
212 212 1
113 113 1
134 134 1
75 75 1
48 48 1
 
244 244 1
46 46 1
91 91 1
241 241 1
67 67 1
44 44 1
103 103 1
245 245 1
271 271 1
146 146 1
50 50 1
114 114 1
263 263 1
50 50 1
80 80 1
161 161 1
343 343 1
190 190 1
118 118 1
138 138 1
51 51 1
46 46 1
75 75 1
77 77 1
287 287 1
 
70 70 1
92 92 1
87 87 1
200 200 1
146 146 1
489 489 1
103 103 1
107 107 1
233 233 1
143 143 1
184 184 1
261 261 1
297 297 1
110 110 1
222 222 1
136 136 1
208 208 1
199 199 1
353 353 1
192 192 1
260 260 1
155 155 1
258 258 1
64 64 1
343 343 1
 
179 179 1
72 72 1
292 292 1
112 112 1
275 275 1
291 291 1
188 188 1
95 95 1
303 303 1
194 194 1
286 286 1
441 441 1
55 55 1
165 165 1
293 293 1
184 184 1
275 275 1
108 108 1
129 129 1
174 174 1
428 428 1
266 266 1
370 370 1
179 179 1
267 267 1
 
235 235 1
334 334 1
234 234 1
514 514 1
427 427 1
226 226 1
391 391 1
529 529 1
190 190 1
159 159 1
776 776 1
461 461 1
353 353 1
191 191 1
376 376 1
198 198 1
103 103 1
301 301 1
541 541 1
393 393 1
317 317 1
145 145 1
592 592 1
362 364 0
484 484 1
 
165 165 1
497 500 0
248 248 1
250 250 1
213 213 1
479 479 1
371 371 1
382 382 1
230 232 0
302 302 1
245 245 1
593 593 1
502 502 1
360 360 1
522 522 1
315 315 1
450 450 1
587 587 1
490 490 1
232 232 1
351 351 1
444 444 1
322 322 1
239 239 1
802 802 1
 
532 532 1
402 402 1
189 189 1
345 345 1
496 496 1
247 247 1
174 174 1
319 319 1
515 515 1
647 647 1
379 379 1
300 300 1
233 233 1
327 327 1
234 234 1
566 566 1
506 506 1
592 592 1
216 216 1
238 238 1
106 106 1
255 255 1
285 285 1
380 380 1
542 542 1
 
597 597 1
220 220 1
286 286 1
421 421 1
459 459 1
450 450 1
331 331 1
597 597 1
381 381 1
414 417 0
265 265 1
550 550 1
839 839 1
318 318 1
668 668 1
583 583 1
486 486 1
351 351 1
336 336 1
559 559 1
833 833 1
258 258 1
261 261 1
452 452 1
754 754 1
 
717 717 1
406 406 1
576 576 1
425 425 1
313 313 1
515 515 1
598 598 1
306 306 1
697 697 1
512 512 1
335 336 0
677 677 1
402 402 1
439 439 1
311 311 1
314 315 0
629 629 1
659 679 0
642 642 1
553 553 1
394 398 0
518 518 1
433 433 1
329 329 1
444 444 1
 
460 460 1
722 722 1
686 686 1
572 572 1
435 435 1
563 563 1
635 635 1
559 559 1
827 827 1
921 921 1
640 640 1
371 371 1
609 609 1
423 423 1
457 459 0
589 590 0
268 268 1
424 425 0
326 326 1
408 408 1
394 399 0
384 385 0
424 424 1
641 641 1
479 479 1
 
631 631 1
955 955 1
646 646 1
456 458 0
587 587 1
749 749 1
448 449 0
521 521 1
592 592 1
390 390 1
509 510 0
514 514 1
901 901 1
320 320 1
412 413 0
634 634 1
603 603 1
975 975 1
676 676 1
385 385 1
614 614 1
683 683 1
699 699 1
279 279 1
483 483 1
 
971 974 0
903 903 1
584 584 1
451 451 1
913 913 1
652 652 1
692 693 0
489 489 1
875 875 1
902 902 1
581 583 0
338 338 1
605 605 1
607 607 1
598 598 1
472 472 1
1037 1037 1
490 490 1
351 351 1
409 409 1
496 496 1
622 622 1
579 580 0
632 632 1
316 316 1
 
625 625 1
1093 1093 1
734 734 1
710 710 1
616 618 0
395 395 1
654 654 1
735 735 1
745 745 1
809 809 1
419 419 1
826 826 1
1103 1103 1
880 880 1
503 503 1
666 667 0
553 553 1
687 687 1
779 779 1
781 781 1
682 682 1
654 654 1
621 621 1
512 512 1
799 799 1
 
505 506 0
730 730 1
593 594 0
715 715 1
745 745 1
877 877 1
719 719 1
678 679 0
1170 1170 1
621 621 1
930 930 1
685 685 1
757 757 1
803 804 0
1047 1047 1
751 751 1
768 769 0
1076 1076 1
576 577 0
1410 1410 1
945 945 1
902 902 1
878 878 1
589 589 1
453 453 1
 
1047 1047 1
952 952 1
807 807 1
820 820 1
563 563 1
849 849 1
764 764 1
725 725 1
657 657 1
1108 1108 1
555 555 1
672 673 0
791 791 1
630 630 1
635 635 1
1057 1057 1
648 648 1
740 740 1
779 779 1
739 739 1
752 752 1
975 975 1
933 933 1
960 960 1
938 938 1
 
742 742 1
1004 1004 1
596 596 1
568 568 1
884 885 0
682 684 0
947 950 0
652 652 1
1277 1277 1
748 748 1
1142 1142 1
876 876 1
978 978 1
1592 1592 1
1251 1251 1
961 961 1
417 418 0
686 688 0
628 628 1
870 872 0
834 834 1
862 862 1
714 714 1
737 737 1
861 861 1
 
186 186 1
294 294 1
184 184 1
227 227 1
205 205 1
228 228 1
263 263 1
237 237 1
278 278 1
235 235 1
218 218 1
265 265 1
183 183 1
227 227 1
281 281 1
199 199 1
234 234 1
247 247 1
270 270 1
292 292 1
153 153 1
266 266 1
308 308 1
229 229 1
217 217 1
 
204 204 1
196 196 1
169 169 1
243 243 1
320 320 1
204 204 1
227 227 1
286 286 1
185 185 1
164 164 1
189 189 1
288 288 1
199 199 1
235 235 1
234 234 1
259 259 1
175 175 1
266 266 1
131 131 1
279 279 1
219 219 1
177 177 1
240 240 1
197 197 1
191 191 1
 
267 267 1
219 219 1
230 230 1
313 313 1
211 211 1
292 292 1
245 245 1
303 303 1
244 244 1
200 200 1
248 248 1
261 261 1
361 361 1
310 310 1
293 293 1
254 254 1
195 195 1
255 255 1
222 222 1
232 232 1
226 226 1
268 268 1
229 229 1
210 210 1
232 232 1
 
327 327 1
355 355 1
273 273 1
346 346 1
250 250 1
245 245 1
333 333 1
280 280 1
337 337 1
200 200 1
215 215 1
303 303 1
173 173 1
341 341 1
284 284 1
391 391 1
297 297 1
358 358 1
255 255 1
380 380 1
272 272 1
220 220 1
354 354 1
216 216 1
270 270 1
 
230 230 1
276 276 1
352 352 1
297 297 1
286 286 1
190 190 1
263 263 1
321 321 1
286 286 1
270 270 1
250 250 1
350 350 1
232 232 1
321 321 1
306 306 1
265 265 1
322 322 1
302 302 1
210 210 1
327 327 1
330 330 1
271 271 1
230 230 1
267 267 1
323 323 1
 
295 295 1
274 274 1
509 509 1
311 311 1
310 310 1
356 356 1
298 298 1
339 339 1
379 379 1
196 196 1
331 331 1
320 320 1
302 302 1
247 247 1
318 318 1
380 380 1
339 339 1
204 204 1
213 213 1
259 259 1
298 298 1
273 273 1
327 327 1
278 278 1
245 245 1
 
306 306 1
419 419 1
358 358 1
252 252 1
253 253 1
320 320 1
434 434 1
266 266 1
365 365 1
241 241 1
286 286 1
267 267 1
342 342 1
278 278 1
317 317 1
393 393 1
494 494 1
375 375 1
404 404 1
297 297 1
258 258 1
360 360 1
351 351 1
349 349 1
371 371 1
 
311 311 1
308 308 1
414 414 1
349 349 1
359 359 1
236 236 1
273 273 1
314 314 1
337 337 1
256 256 1
354 354 1
225 225 1
213 213 1
224 224 1
304 304 1
258 258 1
338 338 1
245 245 1
241 241 1
374 374 1
308 308 1
255 255 1
353 353 1
235 235 1
328 328 1
 
406 406 1
216 216 1
462 462 1
351 351 1
435 435 1
375 375 1
272 272 1
265 265 1
299 299 1
314 314 1
257 257 1
331 331 1
374 374 1
283 283 1
232 232 1
329 329 1
335 335 1
301 301 1
355 355 1
337 337 1
290 290 1
268 268 1
324 324 1
292 292 1
414 414 1
 
274 274 1
372 373 0
414 414 1
335 335 1
339 339 1
351 351 1
306 306 1
278 278 1
411 411 1
393 393 1
299 299 1
270 271 0
260 260 1
297 297 1
356 356 1
406 406 1
337 337 1
292 292 1
274 274 1
325 325 1
409 409 1
354 354 1
397 397 1
283 283 1
434 434 1
 
384 384 1
318 318 1
388 388 1
382 382 1
371 371 1
351 354 0
298 298 1
358 358 1
319 319 1
387 387 1
391 391 1
325 325 1
365 365 1
372 372 1
321 321 1
312 312 1
424 424 1
294 294 1
319 319 1
440 440 1
312 312 1
342 342 1
336 336 1
412 412 1
311 311 1
 
296 298 0
429 430 0
414 415 0
345 345 1
395 395 1
260 265 0
436 436 1
415 415 1
391 394 0
487 487 1
309 309 1
307 307 1
480 480 1
296 296 1
381 381 1
360 361 0
429 429 1
410 410 1
261 261 1
363 364 0
424 424 1
341 341 1
370 370 1
431 431 1
405 405 1
 
322 324 0
378 379 0
315 316 0
353 353 1
490 490 1
296 296 1
299 304 0
414 414 1
343 344 0
462 462 1
346 346 1
307 308 0
398 398 1
480 483 0
421 421 1
345 346 0
380 380 1
360 360 1
395 395 1
423 423 1
410 410 1
332 334 0
422 422 1
352 352 1
319 319 1
 
520 520 1
296 298 0
334 334 1
378 378 1
480 480 1
489 489 1
502 502 1
327 327 1
403 403 1
428 428 1
457 457 1
331 332 0
418 418 1
512 512 1
401 402 0
430 436 0
441 441 1
431 432 0
359 359 1
366 370 0
395 395 1
324 324 1
480 480 1
320 324 0
395 396 0
 
336 336 1
357 359 0
452 452 1
419 419 1
444 447 0
369 372 0
499 499 1
413 413 1
363 369 0
344 350 0
372 378 0
419 425 0
443 443 1
397 399 0
412 412 1
323 327 0
426 426 1
408 409 0
415 420 0
420 421 0
502 502 1
312 315 0
482 485 0
502 502 1
402 406 0
 
430 430 1
319 330 0
381 394 0
374 387 0
367 369 0
365 369 0
401 402 0
440 447 0
431 433 0
363 367 0
258 272 0
454 454 1
314 316 0
305 324 0
487 487 1
402 402 1
534 534 1
465 469 0
354 355 0
392 392 1
392 401 0
637 640 0
619 623 0
448 448 1
453 458 0
 
441 441 1
286 290 0
408 412 0
327 345 0
493 496 0
498 504 0
400 418 0
439 449 0
496 503 0
376 400 0
391 396 0
455 456 0
340 347 0
459 468 0
461 474 0
397 415 0
311 321 0
399 412 0
479 489 0
451 451 1
400 414 0
376 377 0
409 411 0
370 375 0
408 417 0
 

 
===
