748 748 1
1613 1613 1
841 841 1
1698 1698 1
2554 2554 1
483 483 1
1395 1396 0
817 817 1
591 593 0
895 895 1
356 356 1
390 390 1
1284 1285 0
493 493 1
260 260 1
307 307 1
414 414 1
564 564 1
443 444 0
627 627 1
1013 1013 1
616 616 1
920 920 1
1408 1409 0
661 661 1
 
1683 1683 1
1886 1886 1
397 397 1
2227 2234 0
1926 1926 1
1332 1332 1
961 961 1
694 694 1
1205 1205 1
1782 1782 1
525 525 1
1716 1716 1
1274 1274 1
1276 1280 0
1473 1473 1
873 873 1
1721 1721 1
1638 1638 1
2206 2232 0
773 773 1
1133 1133 1
1408 1408 1
1736 1739 0
1240 1240 1
1493 1499 0
 
1623 1809 0
1237 1595 0
2392 2541 0
2199 2201 0
1171 1325 0
2082 2109 0
2135 2143 0
2851 2951 0
2493 2542 0
1010 1211 0
1244 1256 0
1536 1673 0
768 768 1
2121 2121 1
1878 1949 0
2244 2265 0
2242 2435 0
2331 2437 0
1580 1699 0
4636 4656 0
2725 2727 0
2724 2759 0
2148 2168 0
2171 2356 0
1057 1652 0
 
2240 2582 0
3428 3925 0
2170 2763 0
1214 1505 0
4091 4386 0
1756 2001 0
1832 2090 0
1454 1661 0
2855 3593 0
3646 4191 0
1781 2153 0
1192 1297 0
4789 5043 0
1403 1622 0
2071 2328 0
2452 3143 0
1944 2228 0
2969 3666 0
1778 2037 0
1908 2121 0
2025 2294 0
2904 3383 0
2313 2658 0
2059 2361 0
3151 3691 0
 
1332 1702 0
1850 2110 0
2124 3150 0
1647 1956 0
2103 2363 0
992 1374 0
2204 2624 0
2080 2388 0
1061 1800 0
1456 1702 0
1363 1662 0
2262 2821 0
2341 3117 0
1518 1784 0
1103 1438 0
515 822 0
2073 3202 0
2681 3138 0
2885 3123 0
2989 3299 0
1899 2140 0
2084 2637 0
4320 5012 0
1516 2251 0
861 1253 0
 
===
