4515 4515 1
5144 5148 0
4141 4142 0
7203 7228 0
4894 4894 1
4262 4264 0
5947 5947 1
5934 5943 0
4752 4752 1
4213 4213 1
3720 3720 1
4311 4313 0
6613 6617 0
5676 5678 0
5269 5269 1
5472 5472 1
4979 4979 1
5163 5163 1
6238 6238 1
5193 5201 0
4000 4000 1
6058 6060 0
4991 4991 1
4645 4648 0
5068 5068 1
 
12607 12616 0
11530 11562 0
9163 9190 0
12827 12827 1
9219 9224 0
13222 13244 0
9753 9753 1
10528 10535 0
11599 11599 1
9345 9350 0
12318 12318 1
12701 12749 0
9120 9120 1
12268 12347 0
8971 8985 0
12672 12741 0
9645 9645 1
10685 10704 0
11015 11025 0
9985 9985 1
9649 9665 0
16724 16735 0
11457 11457 1
13489 13505 0
9334 9349 0
 
16478 16478 1
19918 20115 0
19441 19531 0
15487 15487 1
16439 16455 0
16362 16404 0
15414 15450 0
17107 17126 0
16936 16942 0
14962 14967 0
18034 18034 1
17326 17363 0
16654 16678 0
14312 14320 0
12266 12289 0
13640 13641 0
15432 15472 0
15820 15843 0
15194 15230 0
12789 12802 0
17866 17894 0
13629 13667 0
18118 18287 0
14334 14372 0
12676 12717 0
 
18486 24293 0
17219 22369 0
17780 23267 0
18364 21086 0
18398 21456 0
15076 19186 0
7054 24029 0
16066 19163 0
18558 22765 0
31738 40762 0
14459 19201 0
18004 29973 0
20221 24560 0
19461 22781 0
17988 20358 0
17896 22503 0
18979 22123 0
19457 22928 0
11379 21876 0
17278 21262 0
15653 18365 0
2956 24461 0
12327 17162 0
13207 19912 0
15690 20670 0
 
2343 21091 0
2724 21254 0
2706 20059 0
2904 20638 0
1744 25186 0
2650 19263 0
1566 18595 0
2678 24512 0
533 21326 0
2788 21111 0
1750 21027 0
1783 18438 0
2339 22965 0
5498 43073 0
3838 23093 0
3199 23593 0
2645 23234 0
3769 26169 0
2842 18550 0
4097 23094 0
2132 22551 0
3227 24214 0
1736 21631 0
2194 19993 0
2648 23047 0
 
===
