688 688 1
2542 2542 1
1117 1117 1
770 770 1
979 979 1
515 515 1
1826 1826 1
1008 1008 1
1879 1879 1
1307 1307 1
2441 2441 1
1081 1082 0
2052 2052 1
875 875 1
1980 1980 1
1157 1158 0
1476 1476 1
1004 1004 1
716 716 1
865 865 1
1262 1262 1
791 791 1
1101 1101 1
1010 1010 1
1851 1851 1
 
1892 1898 0
2050 2050 1
2629 2634 0
2379 2379 1
2841 2841 1
1727 1729 0
2223 2223 1
2524 2524 1
3138 3147 0
2672 2691 0
1894 1894 1
2749 2751 0
3583 3583 1
2582 2583 0
2549 2549 1
2686 2686 1
2027 2027 1
2777 2777 1
3450 3451 0
2280 2286 0
1753 1753 1
1638 1638 1
1837 1841 0
2367 2367 1
2228 2233 0
 
2705 2731 0
3045 3052 0
5385 5435 0
1866 1874 0
2977 2993 0
3282 3335 0
3770 3781 0
4673 4700 0
2636 2662 0
3988 4005 0
3236 3261 0
2563 2571 0
2624 2691 0
3711 3748 0
3607 3615 0
2616 2641 0
3374 3401 0
2691 2703 0
2740 2760 0
4076 4104 0
2784 2809 0
3968 4010 0
2957 2991 0
2914 2933 0
3027 3075 0
 
3283 4364 0
3073 3839 0
2906 3539 0
2616 3406 0
3873 4811 0
3302 4522 0
4125 5857 0
3751 4754 0
2264 2986 0
2866 4102 0
3290 4696 0
3495 4254 0
2924 3801 0
3551 4597 0
2928 3428 0
2704 3841 0
3357 4360 0
3725 4922 0
4279 5215 0
3318 4182 0
4553 5697 0
3073 4140 0
3303 4095 0
3742 4769 0
3561 5131 0
 
529 3903 0
569 3894 0
463 3545 0
746 5223 0
479 3327 0
480 3696 0
361 3275 0
543 3808 0
850 6658 0
609 4677 0
687 4874 0
597 4594 0
631 4390 0
500 4019 0
525 3768 0
600 4566 0
649 4539 0
559 4739 0
673 5730 0
619 4511 0
425 3297 0
509 4508 0
658 4084 0
632 4040 0
591 4719 0
 
===
