582 582 1
295 295 1
849 849 1
376 376 1
386 386 1
494 494 1
383 385 0
327 327 1
415 415 1
507 508 0
439 439 1
308 308 1
706 707 0
358 358 1
407 407 1
383 385 0
839 845 0
929 929 1
481 481 1
372 372 1
386 386 1
264 265 0
769 769 1
661 661 1
741 741 1
 
943 944 0
832 832 1
1139 1139 1
763 763 1
859 859 1
1167 1167 1
1990 1990 1
1558 1558 1
1041 1041 1
418 419 0
526 526 1
1028 1035 0
472 475 0
1423 1430 0
474 474 1
430 432 0
630 630 1
453 454 0
987 1003 0
689 689 1
1084 1084 1
706 706 1
1316 1316 1
1569 1577 0
745 745 1
 
2000 2001 0
1314 1319 0
1621 1624 0
1000 1000 1
657 659 0
1683 1683 1
857 859 0
923 923 1
637 637 1
1754 1754 1
1937 1937 1
1081 1088 0
1598 1605 0
1217 1217 1
1308 1309 0
646 648 0
1586 1596 0
1921 1921 1
697 702 0
1484 1484 1
994 1151 0
2422 2422 1
785 786 0
658 666 0
873 1007 0
 
1287 1521 0
1126 1503 0
1193 1519 0
599 971 0
1824 2028 0
1430 1630 0
1088 1291 0
484 1052 0
1123 1432 0
1310 1500 0
798 1230 0
535 892 0
961 1049 0
900 1111 0
645 840 0
907 1231 0
1826 2070 0
473 891 0
1483 1590 0
1760 2166 0
559 1161 0
528 831 0
1343 1624 0
1995 2430 0
1578 1824 0
 
1429 2188 0
1817 1994 0
575 1014 0
555 1130 0
561 885 0
870 1517 0
496 864 0
574 908 0
672 1264 0
367 798 0
1242 1583 0
838 1377 0
1368 1929 0
786 1275 0
1120 2024 0
722 1378 0
731 1202 0
1199 1466 0
1078 1735 0
510 966 0
411 863 0
901 1558 0
341 928 0
1208 1489 0
485 940 0
 
===
