153 429 0
170 479 0
141 418 0
191 520 0
266 654 0
185 472 0
206 518 0
139 386 0
235 631 0
144 389 0
192 482 0
190 466 0
190 483 0
165 462 0
118 388 0
145 433 0
147 410 0
191 500 0
192 510 0
192 486 0
208 503 0
200 538 0
182 491 0
120 373 0
206 532 0
 
101 484 0
92 446 0
123 519 0
113 469 0
119 551 0
110 463 0
92 392 0
106 441 0
97 448 0
108 498 0
113 448 0
106 476 0
156 614 0
97 454 0
132 493 0
90 397 0
101 441 0
106 507 0
111 485 0
119 483 0
130 510 0
143 599 0
102 428 0
115 459 0
100 441 0
 
114 572 0
108 515 0
103 531 0
102 518 0
94 485 0
131 626 0
128 629 0
136 623 0
131 616 0
117 610 0
125 628 0
119 590 0
85 479 0
108 562 0
119 574 0
113 561 0
98 516 0
105 572 0
113 533 0
132 623 0
105 506 0
89 530 0
126 581 0
100 522 0
104 550 0
 
105 618 0
94 549 0
95 566 0
103 629 0
122 697 0
114 640 0
94 563 0
102 573 0
85 490 0
124 714 0
125 662 0
111 645 0
106 591 0
109 645 0
137 771 0
124 720 0
126 661 0
166 890 0
129 666 0
137 808 0
131 682 0
116 673 0
110 666 0
94 579 0
129 708 0
 
===
