2696 18861 0
2902 17572 0
2612 17708 0
2411 16111 0
2556 16101 0
2465 15901 0
2309 15701 0
2392 16087 0
2375 16459 0
2332 16098 0
2177 15705 0
2407 16247 0
2379 16132 0
5109 33288 0
2564 19214 0
2630 17723 0
2423 17459 0
2452 17051 0
2317 15859 0
2169 15666 0
2342 16551 0
2559 16094 0
2287 16135 0
2590 16297 0
2442 15869 0
 
1634 14881 0
1645 14044 0
1904 16598 0
1752 16000 0
1623 16010 0
1646 15621 0
1547 14715 0
1635 14368 0
1445 13777 0
1780 15730 0
1719 14248 0
1611 14540 0
1665 13857 0
1670 14289 0
4805 41688 0
2044 16662 0
1759 15801 0
1753 15985 0
1597 14027 0
1687 13940 0
1528 13625 0
1481 14048 0
1775 13834 0
1520 13544 0
1438 14071 0
 
1541 13452 0
1482 13000 0
1730 15165 0
1691 15315 0
1612 14853 0
1508 12825 0
1432 12808 0
1456 13020 0
1366 12744 0
1384 12737 0
1419 12692 0
1575 13260 0
1401 13028 0
1823 15944 0
1693 14880 0
1398 14989 0
1418 12830 0
1479 12555 0
1339 13331 0
1509 12652 0
1521 13155 0
1365 13044 0
1435 13362 0
1346 12956 0
2983 29479 0
 
1617 14591 0
1695 16281 0
1447 12767 0
1423 12387 0
1260 12323 0
1344 13014 0
1387 12581 0
1209 11506 0
1384 12672 0
2587 23679 0
1539 15531 0
1607 14426 0
1576 14113 0
1296 12716 0
1342 12569 0
1234 11785 0
1428 12836 0
1369 12371 0
1214 11874 0
1300 11663 0
1605 15054 0
1462 13811 0
1717 16007 0
1404 12848 0
1453 12217 0
 
===
