422 5844 0
512 6750 0
404 5529 0
435 5572 0
466 6381 0
453 6636 0
455 6563 0
398 6365 0
399 6533 0
476 5978 0
408 5850 0
443 6310 0
403 5751 0
424 6164 0
450 6431 0
459 5972 0
410 5811 0
399 6276 0
352 5628 0
470 6521 0
518 6715 0
463 6354 0
374 5618 0
421 6299 0
474 6646 0
 
346 4683 0
390 4579 0
298 4183 0
339 4211 0
339 4625 0
266 4265 0
335 4402 0
289 4281 0
279 4316 0
434 6954 0
308 4745 0
237 4104 0
260 4365 0
284 4058 0
255 4059 0
316 4579 0
330 4909 0
318 4599 0
339 4768 0
302 4769 0
355 4937 0
331 4837 0
318 4844 0
301 4639 0
276 4101 0
 
295 3779 0
240 3418 0
260 3507 0
279 3687 0
270 3608 0
231 3411 0
230 3414 0
245 3260 0
288 3746 0
264 3586 0
266 3379 0
272 3467 0
240 3139 0
255 3507 0
232 3334 0
246 3341 0
250 3491 0
269 3385 0
233 3406 0
301 3980 0
263 3654 0
208 3075 0
258 3427 0
275 3451 0
238 3486 0
 
224 3149 0
228 3056 0
254 3492 0
239 3051 0
247 3315 0
275 3441 0
304 3418 0
231 3053 0
280 3506 0
270 3434 0
236 2761 0
242 2928 0
244 3002 0
362 4545 0
258 3101 0
282 3601 0
274 3416 0
254 3146 0
284 3726 0
273 3230 0
251 3159 0
283 3178 0
246 3289 0
263 3418 0
230 3226 0
 
===
