113 2313 0
92 2237 0
107 2169 0
142 2515 0
103 2221 0
98 2328 0
111 2276 0
111 1976 0
158 2349 0
92 2278 0
113 2313 0
77 1707 0
172 2345 0
150 2069 0
103 2348 0
109 2435 0
101 2121 0
121 2218 0
152 2176 0
175 2546 0
157 2336 0
128 2238 0
106 2172 0
129 2361 0
127 2585 0
 
93 1519 0
87 1616 0
105 1634 0
77 1499 0
123 1629 0
102 1528 0
124 1755 0
102 1707 0
82 1718 0
115 1540 0
85 1492 0
113 1640 0
109 1738 0
91 1720 0
111 1545 0
76 1602 0
90 1516 0
108 1635 0
83 1611 0
84 1407 0
95 1623 0
89 1625 0
85 1613 0
76 1505 0
149 2058 0
 
104 1280 0
93 1344 0
122 1294 0
120 1289 0
89 1268 0
95 1421 0
89 1256 0
72 1252 0
89 1268 0
79 1256 0
99 1269 0
107 1358 0
62 1170 0
82 1333 0
79 1181 0
75 1170 0
87 1262 0
76 1255 0
70 1244 0
99 1342 0
80 1255 0
85 1323 0
76 1250 0
84 1328 0
86 1265 0
 
103 1174 0
89 1223 0
64 1078 0
77 1091 0
86 1162 0
78 1159 0
66 1079 0
94 1107 0
81 1158 0
90 1105 0
67 1139 0
83 1159 0
83 1160 0
96 1166 0
71 1139 0
111 1185 0
67 1142 0
75 1087 0
88 1167 0
73 1148 0
123 1133 0
87 1034 0
76 1089 0
82 1094 0
85 1099 0
 
===
