1836 1836 1
1601 1601 1
2819 2819 1
2210 2210 1
1362 1363 0
2130 2130 1
2161 2162 0
2968 2968 1
2587 2587 1
1227 1227 1
1257 1257 1
1680 1681 0
764 769 0
2122 2122 1
2906 2906 1
2270 2270 1
2439 2439 1
2449 2450 0
1707 1707 1
4794 4794 1
2745 2745 1
2767 2769 0
2171 2171 1
2365 2367 0
1654 1654 1
 
2705 2706 0
4335 4335 1
2902 2902 1
2116 2122 0
4582 4582 1
2242 2242 1
2843 2843 1
1717 1717 1
3955 3955 1
4271 4271 1
2200 2200 1
2308 2308 1
5179 5182 0
2554 2554 1
2515 2515 1
3357 3363 0
3120 3120 1
3722 3722 1
2309 2309 1
2478 2478 1
3076 3077 0
3663 3664 0
2868 2870 0
2591 2591 1
3828 3829 0
 
4417 4417 1
3605 3605 1
4818 4819 0
4979 4979 1
2534 2534 1
3800 3800 1
4563 4563 1
2622 2622 1
4405 4444 0
3587 3587 1
3881 3883 0
3745 3745 1
1919 1919 1
2997 2997 1
3192 3194 0
2600 2600 1
4466 4495 0
3054 3054 1
3079 3079 1
5014 5014 1
3612 3617 0
2745 2749 0
3734 3756 0
4813 4814 0
2455 2456 0
 
5555 5555 1
3455 3459 0
5165 5165 1
3471 3471 1
4258 4258 1
4134 4135 0
6168 6168 1
4227 4238 0
4755 4755 1
3209 3213 0
4541 4551 0
3802 3803 0
5918 5933 0
3289 3310 0
2772 2774 0
5261 5261 1
3119 3119 1
5012 5027 0
3369 3373 0
3493 3493 1
3016 3016 1
4250 4250 1
3319 3333 0
2064 2071 0
2899 2910 0
 
6052 6056 0
3511 3516 0
3640 3664 0
4238 4238 1
5301 5304 0
4978 4978 1
4541 4548 0
3862 3871 0
3687 3690 0
4019 4019 1
3610 3610 1
4880 4884 0
3291 3291 1
3332 3342 0
5101 5102 0
4826 4826 1
5070 5070 1
4272 4275 0
4845 4868 0
2182 2182 1
3446 3446 1
4965 4973 0
3479 3496 0
4889 4890 0
4252 4252 1
 
4622 5077 0
6139 6257 0
8301 8388 0
6323 6331 0
3995 3999 0
4236 4337 0
6085 6208 0
4994 5152 0
5299 5337 0
8497 8508 0
4863 5027 0
5314 5334 0
3877 3878 0
6749 6749 1
9039 9331 0
6342 6412 0
4954 4999 0
5501 5527 0
6577 6727 0
4785 5034 0
6387 6513 0
5041 5096 0
5170 5190 0
3898 3992 0
5368 5510 0
 
1993 4171 0
2538 6333 0
2422 9108 0
339 3492 0
1550 6544 0
1532 5448 0
2080 7021 0
2387 6471 0
2037 5082 0
1825 4707 0
1965 5312 0
2154 7094 0
1334 5800 0
2704 6299 0
1271 4088 0
2408 5981 0
2587 5854 0
2249 6011 0
2462 6165 0
2057 5498 0
1550 4287 0
1832 3898 0
2457 6734 0
2422 6359 0
2419 6310 0
 
===
